0.000674 0.007882 0.974614 0.014272 0.002558
0.001336 0.009122 0.822200 0.156012 0.011330
0.003416 0.031674 0.849763 0.112081 0.003066
0.001722 0.979897 0.016136 0.001847 0.000398
0.003279 0.113652 0.343558 0.523358 0.016153
0.014689 0.878276 0.093249 0.013012 0.000774
0.007997 0.401254 0.570912 0.017107 0.002731
0.002685 0.018940 0.535762 0.435689 0.006923
0.002883 0.936327 0.057847 0.002322 0.000620
0.003165 0.058736 0.878164 0.050501 0.009434
0.001300 0.963196 0.032154 0.002849 0.000501
0.039830 0.110432 0.718916 0.116573 0.014249
0.037225 0.687793 0.267351 0.006004 0.001626
0.007785 0.405727 0.555877 0.025746 0.004865
0.595991 0.338249 0.052265 0.010849 0.002646
0.020449 0.147752 0.640061 0.182155 0.009582
0.006142 0.308713 0.622182 0.060417 0.002546
0.003485 0.021336 0.849513 0.122579 0.003087
0.001075 0.014200 0.932004 0.050883 0.001838
0.110445 0.481442 0.390339 0.015235 0.002540
0.012282 0.455908 0.520645 0.007217 0.003948
0.003546 0.036417 0.915638 0.034390 0.010009
0.000525 0.033025 0.961059 0.004798 0.000593
0.002280 0.088608 0.515369 0.359207 0.034536
0.001429 0.028205 0.959572 0.010354 0.000440
0.006548 0.655568 0.272591 0.063499 0.001794
0.076918 0.165975 0.450170 0.275641 0.031295
0.000629 0.002176 0.986740 0.008542 0.001913
0.013307 0.368694 0.599286 0.015018 0.003695
0.013814 0.812664 0.164687 0.007319 0.001516
0.004393 0.085571 0.502950 0.400420 0.006666
0.012191 0.008176 0.212005 0.702187 0.065442
0.000652 0.021226 0.402935 0.573167 0.002020
0.021903 0.232870 0.726130 0.013077 0.006020
0.007279 0.061867 0.734850 0.188022 0.007981
0.001777 0.041172 0.874189 0.081179 0.001683
0.002839 0.023543 0.960931 0.011793 0.000893
0.001859 0.122230 0.872570 0.002402 0.000939
0.002374 0.037017 0.936877 0.018577 0.005155
0.002207 0.023821 0.095243 0.875347 0.003383
0.001968 0.035237 0.316056 0.641520 0.005219
0.008815 0.011572 0.975971 0.003224 0.000417
0.010835 0.233111 0.681182 0.066631 0.008241
0.004403 0.028858 0.795379 0.096564 0.074795
0.001509 0.002765 0.717670 0.273825 0.004230
0.003860 0.096260 0.762778 0.135330 0.001772
0.009451 0.124256 0.809933 0.032882 0.023478
0.006217 0.374245 0.614401 0.003313 0.001824
0.015092 0.020194 0.059222 0.687636 0.217856
0.005751 0.899018 0.077981 0.015643 0.001607
0.012814 0.077518 0.892510 0.015462 0.001696
0.000533 0.002363 0.037196 0.955771 0.004136
0.006060 0.064941 0.721214 0.199618 0.008166
0.610835 0.153759 0.210184 0.014848 0.010374
0.073631 0.451086 0.307437 0.149519 0.018326
0.033558 0.898209 0.062245 0.004680 0.001307
0.030841 0.703660 0.250915 0.010624 0.003959
0.009597 0.013299 0.199379 0.761538 0.016187
0.000762 0.002659 0.919083 0.075325 0.002170
0.008285 0.006625 0.438280 0.541504 0.005305
0.006022 0.979395 0.011988 0.001980 0.000614
0.004973 0.371366 0.602199 0.016300 0.005163
0.007104 0.902648 0.086968 0.002425 0.000855
0.002480 0.036395 0.300524 0.596506 0.064095
0.004890 0.277016 0.703167 0.011919 0.003008
0.001014 0.002470 0.937275 0.056819 0.002422
0.129251 0.481278 0.380744 0.006830 0.001897
0.006203 0.532340 0.408060 0.050156 0.003241
0.003402 0.007703 0.042354 0.946143 0.000399
0.006780 0.034022 0.900343 0.058011 0.000844
0.008693 0.008257 0.302003 0.610977 0.070071
0.001710 0.003346 0.109992 0.872492 0.012460
0.001852 0.808566 0.179691 0.008594 0.001297
0.378327 0.267308 0.338869 0.012936 0.002561
0.001524 0.127110 0.868054 0.002452 0.000860
0.057498 0.100181 0.751417 0.075711 0.015195
0.002241 0.168663 0.804903 0.022826 0.001367
0.002454 0.043332 0.945219 0.007621 0.001374
0.001073 0.986833 0.009504 0.002310 0.000279
0.020762 0.051418 0.801380 0.114208 0.012231
0.001248 0.001926 0.967919 0.024744 0.004163
0.006504 0.906902 0.083290 0.002467 0.000836
0.009032 0.097988 0.819954 0.066866 0.006160
0.006050 0.279241 0.078671 0.630641 0.005397
0.008155 0.081806 0.904518 0.004302 0.001220
0.002543 0.117618 0.847014 0.030076 0.002749
0.002400 0.009289 0.124752 0.842036 0.021523
0.097712 0.200196 0.655919 0.039931 0.006241
0.001911 0.944035 0.051198 0.002333 0.000523
0.003273 0.724560 0.241225 0.029068 0.001874
0.025142 0.077809 0.878300 0.013476 0.005274
0.025972 0.365265 0.566002 0.037800 0.004960
0.082661 0.694049 0.199925 0.021606 0.001760
0.046908 0.250776 0.395435 0.301163 0.005718
0.005066 0.979108 0.013168 0.002162 0.000496
0.002410 0.009507 0.055157 0.893300 0.039625
0.041420 0.613998 0.313976 0.025085 0.005521
0.011677 0.056317 0.622998 0.292959 0.016050
0.007893 0.170229 0.486505 0.258148 0.077225
0.000888 0.003884 0.030179 0.951733 0.013316
0.004518 0.048071 0.065034 0.879996 0.002380
0.432444 0.380810 0.170108 0.014330 0.002309
0.020423 0.103057 0.787482 0.070116 0.018922
0.001705 0.975265 0.019296 0.003257 0.000477
0.000991 0.767858 0.212774 0.005375 0.013002
0.007580 0.019745 0.393407 0.419369 0.159899
0.006163 0.961019 0.030700 0.001505 0.000614
0.009136 0.884638 0.098462 0.006492 0.001272
0.007260 0.880075 0.106985 0.004825 0.000855
0.010771 0.542982 0.394046 0.044050 0.008152
0.006313 0.010544 0.976278 0.005700 0.001165
0.006268 0.089377 0.810787 0.091349 0.002220
0.006660 0.017142 0.769109 0.205212 0.001877
0.008921 0.230663 0.518039 0.227159 0.015219
0.000731 0.035002 0.954471 0.007997 0.001799
0.001613 0.043364 0.932525 0.019455 0.003044
0.001398 0.621611 0.180758 0.189359 0.006874
0.002394 0.033169 0.879740 0.083449 0.001247
0.006343 0.943415 0.042682 0.004592 0.002968
0.002847 0.936219 0.055954 0.004276 0.000704
0.101045 0.550591 0.315767 0.024593 0.008004
0.030206 0.774644 0.183146 0.010390 0.001614
0.003828 0.101673 0.878958 0.013266 0.002274
0.007099 0.202281 0.764356 0.020676 0.005588
0.001400 0.895210 0.086663 0.015211 0.001516
0.005479 0.123885 0.797125 0.067376 0.006136
0.003034 0.083376 0.888025 0.021995 0.003570
0.003014 0.147030 0.818284 0.022381 0.009291
0.002177 0.061207 0.855291 0.078205 0.003120
0.009771 0.125575 0.714698 0.072991 0.076965
0.001037 0.005674 0.587023 0.393984 0.012282
0.004319 0.886188 0.103119 0.003724 0.002650
0.002182 0.552460 0.348453 0.084226 0.012679
0.002668 0.975429 0.021005 0.000701 0.000197
0.002557 0.726266 0.263723 0.006330 0.001124
0.002259 0.364849 0.620406 0.008579 0.003907
0.002989 0.011432 0.551922 0.424990 0.008667
0.002018 0.028381 0.951501 0.015219 0.002880
0.002374 0.157014 0.756309 0.073418 0.010886
0.015411 0.580587 0.391528 0.010720 0.001753
0.016579 0.386327 0.591128 0.004654 0.001312
0.002019 0.353543 0.626304 0.010489 0.007645
0.004828 0.054619 0.827955 0.051750 0.060849
0.003612 0.208977 0.778833 0.006858 0.001719
0.004837 0.048284 0.817760 0.117276 0.011843
0.006441 0.527220 0.382487 0.032551 0.051301
0.025034 0.250339 0.622599 0.090248 0.011780
0.002431 0.185285 0.677154 0.116555 0.018575
0.003553 0.197078 0.773335 0.023202 0.002832
0.008253 0.798890 0.142025 0.043208 0.007623
0.009500 0.520003 0.372942 0.087579 0.009975
0.042468 0.929461 0.023196 0.003212 0.001663
0.000737 0.046206 0.951053 0.001356 0.000648
0.423840 0.137941 0.384681 0.047677 0.005861
0.001605 0.018552 0.940467 0.031687 0.007689
0.001622 0.803546 0.187758 0.005718 0.001356
0.005942 0.178084 0.769974 0.031988 0.014013
0.001995 0.012379 0.894547 0.088721 0.002357
0.005121 0.006821 0.900635 0.083467 0.003956
0.054771 0.930222 0.012094 0.002056 0.000857
0.016606 0.208969 0.638090 0.131763 0.004573
0.002244 0.554538 0.419347 0.022669 0.001202
0.000943 0.013498 0.080417 0.901437 0.003704
0.091595 0.637480 0.240686 0.027177 0.003063
0.004486 0.062901 0.925246 0.006637 0.000730
0.004326 0.112710 0.876789 0.004515 0.001660
0.012295 0.015552 0.349796 0.206162 0.416195
0.009508 0.859173 0.081744 0.045204 0.004371
0.001179 0.033545 0.693542 0.263843 0.007892
0.007055 0.025397 0.860430 0.104360 0.002757
0.004094 0.639768 0.343984 0.010986 0.001167
0.032022 0.535946 0.371512 0.057368 0.003153
0.002231 0.351394 0.626213 0.018279 0.001883
0.012036 0.477287 0.492804 0.016264 0.001609
0.000790 0.010134 0.969213 0.016204 0.003659
0.001433 0.004043 0.737437 0.246827 0.010259
0.002918 0.405624 0.581778 0.008440 0.001240
0.025884 0.647749 0.278190 0.043169 0.005008
0.001871 0.225887 0.764932 0.004830 0.002480
0.006116 0.751752 0.236319 0.004017 0.001796
0.005991 0.402721 0.568560 0.019510 0.003217
0.002718 0.003583 0.750735 0.190709 0.052255
0.022582 0.752982 0.214140 0.007773 0.002523
0.002538 0.005352 0.164040 0.820293 0.007778
0.001458 0.957994 0.037825 0.002313 0.000411
0.072735 0.225133 0.669644 0.029637 0.002851
0.026938 0.678761 0.284484 0.007233 0.002584
0.002304 0.010490 0.039785 0.938373 0.009047
0.024396 0.583801 0.370226 0.018603 0.002974
0.002510 0.026576 0.916272 0.049825 0.004817
0.002086 0.002920 0.165331 0.810481 0.019181
0.029119 0.433586 0.501648 0.031088 0.004559
0.003894 0.274689 0.707534 0.012953 0.000929
0.009928 0.114994 0.844784 0.028855 0.001439
0.001730 0.072025 0.856275 0.063879 0.006092
0.001306 0.649999 0.172693 0.166282 0.009719
0.005430 0.881017 0.110364 0.002306 0.000883
0.005291 0.049124 0.586190 0.325840 0.033554
0.001531 0.230600 0.311578 0.428421 0.027869
0.000678 0.004354 0.046289 0.947989 0.000689
0.033330 0.229328 0.661441 0.068908 0.006993
0.004174 0.092525 0.625516 0.260244 0.017541
0.004678 0.718777 0.257684 0.013987 0.004874
0.003189 0.698543 0.285889 0.010773 0.001606
0.001439 0.007827 0.009454 0.011958 0.969322
0.033097 0.661947 0.287342 0.011566 0.006049
0.003586 0.018281 0.167781 0.804795 0.005557
0.001504 0.926739 0.060861 0.010208 0.000688
0.008951 0.678330 0.305469 0.005804 0.001446
0.007179 0.672417 0.311276 0.007730 0.001399
0.001361 0.007970 0.007207 0.010206 0.973255
0.024183 0.375181 0.121903 0.474674 0.004059
0.015365 0.098470 0.673739 0.196094 0.016332
0.006983 0.034324 0.936888 0.016854 0.004951
0.016358 0.959501 0.021267 0.002164 0.000711
0.001350 0.037892 0.943546 0.015486 0.001726
0.009474 0.066510 0.317709 0.551008 0.055299
0.008749 0.184194 0.236243 0.543277 0.027537
0.003781 0.433699 0.461072 0.098598 0.002851
0.005268 0.059835 0.484913 0.395522 0.054461
0.000801 0.010050 0.917052 0.068389 0.003707
0.008199 0.419710 0.509025 0.047016 0.016049
0.029841 0.292414 0.648296 0.027214 0.002236
0.627917 0.058998 0.283036 0.023213 0.006836
0.006911 0.048602 0.905309 0.036166 0.003012
0.001074 0.934801 0.062620 0.001034 0.000472
0.001249 0.010515 0.966274 0.018550 0.003412
0.001049 0.964609 0.031017 0.003047 0.000278
0.003498 0.967875 0.026319 0.001839 0.000469
0.004469 0.155768 0.832162 0.005862 0.001739
0.002943 0.062236 0.130023 0.802911 0.001888
0.004903 0.195688 0.726932 0.064328 0.008149
0.003809 0.499785 0.460247 0.029771 0.006388
0.032690 0.791144 0.165294 0.008965 0.001907
0.006180 0.027815 0.034128 0.928800 0.003077
0.009397 0.022969 0.962745 0.004192 0.000697
0.000363 0.001196 0.963831 0.032501 0.002110
0.002336 0.014208 0.397618 0.574754 0.011084
0.009282 0.866745 0.107050 0.015574 0.001349
0.004146 0.755310 0.234475 0.005163 0.000905
0.010355 0.878651 0.093996 0.012989 0.004008
0.001860 0.095918 0.852843 0.045525 0.003855
0.012892 0.755572 0.225038 0.004855 0.001643
0.112600 0.235824 0.513199 0.129311 0.009066
0.001152 0.799628 0.187264 0.008199 0.003757
0.002249 0.104362 0.856293 0.022335 0.014762
0.017317 0.378090 0.595635 0.007143 0.001814
0.004239 0.074473 0.875495 0.033703 0.012091
0.002200 0.122175 0.722007 0.130263 0.023356
0.001279 0.006497 0.888403 0.098386 0.005435
0.006779 0.085295 0.250256 0.649725 0.007945
0.004996 0.103253 0.765425 0.122817 0.003510
0.002047 0.003467 0.980242 0.011801 0.002443
0.001659 0.497063 0.469840 0.024506 0.006933
0.026342 0.009415 0.422903 0.513152 0.028188
0.015010 0.546215 0.417087 0.019514 0.002175
0.000640 0.025006 0.972260 0.001663 0.000432
0.001743 0.031691 0.960286 0.005917 0.000364
0.004218 0.127780 0.844429 0.017125 0.006449
0.005451 0.953952 0.038111 0.001449 0.001037
0.002375 0.023439 0.827884 0.127968 0.018335
0.001002 0.004910 0.907311 0.075333 0.011445
0.004694 0.104444 0.323337 0.543891 0.023635
0.002091 0.004427 0.322864 0.648674 0.021944
0.010871 0.608507 0.355325 0.014026 0.011271
0.001488 0.125110 0.858464 0.013688 0.001250
0.002908 0.035222 0.683248 0.274331 0.004290
0.002200 0.923259 0.045452 0.028103 0.000986
0.004462 0.909653 0.073036 0.009617 0.003232
0.011685 0.490650 0.492852 0.003530 0.001283
0.003344 0.805275 0.146066 0.039829 0.005486
0.001602 0.018180 0.665903 0.309286 0.005028
0.015467 0.239140 0.508233 0.221366 0.015793
0.000866 0.063477 0.923310 0.011266 0.001080
0.032780 0.926178 0.032942 0.007025 0.001074
0.003105 0.694265 0.071881 0.209437 0.021312
0.003788 0.099340 0.596400 0.293835 0.006636
0.004892 0.055382 0.925128 0.011811 0.002787
0.012871 0.104890 0.476400 0.403052 0.002787
0.001233 0.827929 0.167331 0.002762 0.000745
0.016801 0.617294 0.326131 0.036993 0.002781
0.004953 0.940494 0.051893 0.001929 0.000731
0.017035 0.221126 0.673950 0.058572 0.029318
0.001444 0.026226 0.966503 0.004560 0.001267
0.018460 0.824866 0.149112 0.004732 0.002829
0.034920 0.144964 0.710989 0.096694 0.012433
0.008356 0.201069 0.782098 0.006987 0.001490
0.002622 0.247872 0.708782 0.038335 0.002390
0.038398 0.493177 0.434468 0.030832 0.003125
0.239333 0.118189 0.486238 0.045419 0.110821
0.012896 0.893929 0.085622 0.006330 0.001222
0.004785 0.068375 0.897020 0.025208 0.004612
0.016601 0.124282 0.657654 0.196105 0.005358
0.013411 0.042338 0.045971 0.896338 0.001942
0.000758 0.986123 0.012070 0.000829 0.000220
0.002802 0.021736 0.718800 0.215053 0.041609
0.007747 0.621487 0.346939 0.021636 0.002192
0.002696 0.866322 0.128246 0.001778 0.000959
0.002521 0.191501 0.803360 0.001607 0.001010
0.001421 0.015443 0.125999 0.840768 0.016369
0.002403 0.051078 0.922203 0.020878 0.003438
0.008404 0.023912 0.729620 0.212115 0.025949
0.001277 0.019254 0.318538 0.658596 0.002335
0.007812 0.003555 0.104603 0.769650 0.114379
0.002314 0.021288 0.200958 0.767681 0.007760
0.004303 0.111489 0.562545 0.284573 0.037090
0.005560 0.298227 0.685894 0.008817 0.001502
0.007093 0.089186 0.310133 0.572195 0.021392
0.252744 0.551740 0.176443 0.014980 0.004094
0.003044 0.920834 0.024754 0.047981 0.003387
0.013469 0.111044 0.815526 0.057199 0.002761
0.002273 0.509685 0.474463 0.012256 0.001322
0.238027 0.300598 0.434266 0.023292 0.003817
0.004461 0.107555 0.873720 0.010740 0.003524
0.007410 0.700579 0.274448 0.014743 0.002818
0.003427 0.030811 0.140159 0.789658 0.035946
0.000775 0.001633 0.020499 0.961415 0.015678
0.006232 0.112951 0.707649 0.150431 0.022737
0.002747 0.959222 0.036935 0.000827 0.000268
0.002398 0.677611 0.289189 0.028497 0.002306
0.002236 0.052275 0.856957 0.072898 0.015634
0.002664 0.101228 0.880992 0.014012 0.001103
0.005886 0.231410 0.719690 0.032595 0.010418
0.003193 0.018685 0.952762 0.019479 0.005881
0.002612 0.049813 0.118179 0.685518 0.143878
0.001466 0.001083 0.047598 0.945601 0.004252
0.006310 0.063997 0.917336 0.011201 0.001156
0.005027 0.827625 0.153650 0.012210 0.001487
0.007836 0.024404 0.941753 0.012597 0.013409
0.010491 0.514485 0.454587 0.017097 0.003339
0.003351 0.115623 0.746986 0.119035 0.015005
0.002826 0.047180 0.309896 0.629271 0.010827
0.023857 0.168265 0.790767 0.012588 0.004523
0.002219 0.680137 0.282245 0.028433 0.006965
0.002109 0.008850 0.254696 0.715310 0.019035
0.306556 0.476770 0.191189 0.023678 0.001807
0.003987 0.021864 0.583214 0.114524 0.276412
0.002124 0.913359 0.078555 0.004802 0.001161
0.002065 0.957697 0.033295 0.005623 0.001320
0.002828 0.032716 0.941614 0.021536 0.001307
0.002459 0.289221 0.687520 0.012944 0.007856
0.003820 0.775351 0.217690 0.002226 0.000913
0.004206 0.028800 0.413384 0.441829 0.111781
0.008894 0.176379 0.725705 0.062512 0.026509
0.011921 0.863844 0.098070 0.018608 0.007557
0.003505 0.165162 0.643976 0.145826 0.041531
0.000751 0.903693 0.092838 0.002057 0.000661
0.017492 0.851975 0.101908 0.027046 0.001579
0.011809 0.247684 0.670172 0.055159 0.015176
0.010605 0.126065 0.855052 0.006933 0.001344
0.018740 0.242674 0.690955 0.041719 0.005912
0.011845 0.308678 0.664278 0.014286 0.000913
0.002923 0.112869 0.395254 0.478996 0.009958
0.002244 0.041734 0.491544 0.459228 0.005250
0.017094 0.947638 0.029935 0.003965 0.001369
0.054578 0.833878 0.075472 0.033858 0.002215
0.007055 0.117714 0.839371 0.032364 0.003496
0.005179 0.021631 0.811697 0.148246 0.013246
0.003561 0.086336 0.903163 0.005982 0.000959
0.006476 0.087039 0.888645 0.010964 0.006876
0.004661 0.073276 0.894036 0.024280 0.003746
0.011425 0.701659 0.257689 0.018948 0.010280
0.002006 0.895927 0.097763 0.003674 0.000630
0.163384 0.514295 0.266922 0.052416 0.002984
0.009042 0.373123 0.521267 0.032525 0.064043
0.003826 0.353744 0.602249 0.038153 0.002028
0.118856 0.171332 0.644904 0.060166 0.004741
0.006406 0.122193 0.778173 0.080848 0.012380
0.032080 0.279397 0.635099 0.041453 0.011972
0.007621 0.936193 0.052247 0.002478 0.001461
0.001475 0.006998 0.951813 0.020832 0.018882
0.003252 0.782147 0.158262 0.050545 0.005795
0.005004 0.040541 0.734802 0.205889 0.013765
0.006775 0.940537 0.049252 0.002745 0.000691
0.006524 0.031843 0.465234 0.486018 0.010380
0.006487 0.045432 0.664820 0.277637 0.005624
0.003895 0.237152 0.594910 0.158862 0.005182
0.021436 0.466402 0.485288 0.022584 0.004290
0.002231 0.105349 0.845539 0.044357 0.002524
0.003182 0.040982 0.886039 0.064480 0.005317
0.017336 0.835798 0.138642 0.005611 0.002613
0.003264 0.519729 0.454371 0.021337 0.001298
0.040508 0.923433 0.031882 0.003393 0.000784
0.002792 0.941612 0.052240 0.002947 0.000409
0.004337 0.312181 0.661072 0.019439 0.002972
0.002500 0.203902 0.771158 0.015909 0.006531
0.004534 0.031102 0.690299 0.061469 0.212597
0.005506 0.087205 0.212332 0.689222 0.005734
0.007419 0.213535 0.740469 0.028947 0.009630
0.004525 0.021835 0.942367 0.028068 0.003205
0.001547 0.008012 0.899553 0.088753 0.002134
0.003373 0.959033 0.034066 0.002656 0.000871
0.002999 0.005255 0.625503 0.180036 0.186206
0.006773 0.032672 0.856714 0.096496 0.007346
0.315611 0.079061 0.282382 0.231085 0.091861
0.005889 0.021602 0.636433 0.299906 0.036171
0.005237 0.877742 0.113540 0.002568 0.000912
0.001762 0.011632 0.953392 0.030797 0.002418
0.019992 0.357075 0.607048 0.013871 0.002014
0.001403 0.979514 0.016583 0.001453 0.001047
0.002650 0.009993 0.836556 0.105484 0.045317
0.002178 0.064534 0.302390 0.619289 0.011610
0.004205 0.023933 0.959028 0.010773 0.002060
0.012637 0.253408 0.726695 0.005720 0.001541
0.001872 0.979527 0.017376 0.000925 0.000300
0.001705 0.004463 0.120213 0.853540 0.020078
0.020440 0.068807 0.594182 0.306115 0.010455
0.009244 0.153301 0.820552 0.015317 0.001586
0.002372 0.062910 0.333467 0.594403 0.006847
0.040579 0.429255 0.258493 0.267113 0.004561
0.011069 0.084856 0.826792 0.036730 0.040553
0.006575 0.207467 0.410232 0.365038 0.010688
0.004073 0.053378 0.897359 0.043321 0.001870
0.005511 0.276649 0.698369 0.013008 0.006464
0.006572 0.912165 0.072415 0.007717 0.001131
0.004174 0.773705 0.150106 0.065812 0.006203
0.001393 0.145451 0.842229 0.009327 0.001601
0.000717 0.061564 0.926692 0.010115 0.000912
0.038193 0.414986 0.493007 0.051264 0.002549
0.005874 0.019775 0.806425 0.146906 0.021019
0.011352 0.118204 0.820690 0.047829 0.001926
0.039551 0.075711 0.511115 0.338128 0.035496
0.001529 0.003693 0.036124 0.951905 0.006749
0.018517 0.067412 0.189781 0.670792 0.053497
0.004207 0.106249 0.595776 0.214656 0.079112
0.011972 0.554568 0.412019 0.017808 0.003633
0.007974 0.701069 0.240908 0.044016 0.006032
0.003371 0.884223 0.104277 0.004641 0.003488
0.002712 0.078752 0.322106 0.587407 0.009023
0.005012 0.036173 0.948594 0.007982 0.002239
0.002505 0.043618 0.128171 0.788119 0.037588
0.004547 0.292310 0.451916 0.228482 0.022745
0.000830 0.982578 0.015436 0.000768 0.000389
0.003562 0.196662 0.789721 0.007958 0.002097
0.009840 0.075112 0.892831 0.021087 0.001131
0.011016 0.070979 0.327228 0.580193 0.010584
0.001644 0.702453 0.287915 0.007009 0.000979
0.008585 0.524262 0.449334 0.014281 0.003538
0.001240 0.016244 0.619813 0.358294 0.004409
0.065780 0.623929 0.261249 0.044683 0.004360
0.003837 0.220438 0.764023 0.007995 0.003706
0.003152 0.154652 0.527592 0.238422 0.076182
0.004145 0.405606 0.581335 0.006869 0.002045
0.003677 0.275289 0.702559 0.016604 0.001872
0.009914 0.335072 0.603080 0.049723 0.002211
0.000992 0.004493 0.940928 0.051409 0.002179
0.013535 0.140296 0.840879 0.003530 0.001759
0.002848 0.113002 0.759451 0.119331 0.005367
0.004365 0.365399 0.620782 0.006313 0.003141
0.005294 0.109482 0.701608 0.122205 0.061411
0.001628 0.695816 0.298584 0.003094 0.000878
0.003965 0.010417 0.010883 0.974119 0.000616
0.059720 0.592024 0.328979 0.017360 0.001918
0.008781 0.307870 0.570993 0.104493 0.007864
0.001243 0.002588 0.974924 0.017652 0.003594
0.013845 0.190087 0.772512 0.020936 0.002621
0.005168 0.513132 0.465390 0.014458 0.001852
0.002663 0.879662 0.114527 0.002300 0.000848
0.378120 0.366497 0.173398 0.075913 0.006073
0.001984 0.927777 0.059153 0.008239 0.002847
0.002453 0.393288 0.555891 0.044915 0.003453
0.001756 0.038195 0.140419 0.812061 0.007569
0.003605 0.959939 0.033913 0.002112 0.000432
0.000766 0.074034 0.923022 0.001565 0.000613
0.000843 0.036782 0.959332 0.002670 0.000372
0.049850 0.862852 0.084473 0.002031 0.000794
0.026732 0.107604 0.832345 0.029239 0.004080
0.007676 0.080337 0.856826 0.051970 0.003192
0.004771 0.119099 0.832076 0.030366 0.013688
0.005893 0.146290 0.789791 0.054140 0.003885
0.002680 0.880120 0.109682 0.006654 0.000863
0.003923 0.034654 0.602005 0.325525 0.033893
0.003156 0.019419 0.450587 0.511004 0.015833
0.005340 0.659014 0.319868 0.009301 0.006477
0.002265 0.177122 0.797212 0.017205 0.006196
0.031413 0.729157 0.219051 0.015159 0.005219
0.003355 0.061646 0.749701 0.178972 0.006327
0.008814 0.751721 0.220432 0.017554 0.001479
0.003866 0.759604 0.229683 0.005564 0.001283
0.004722 0.010546 0.104973 0.846092 0.033668
0.002920 0.942115 0.050987 0.002716 0.001262
0.000734 0.986558 0.011686 0.000809 0.000213
0.002313 0.006781 0.760023 0.205233 0.025650
0.010588 0.678433 0.269078 0.026923 0.014978
0.004265 0.027293 0.589672 0.365021 0.013749
0.004859 0.817979 0.163285 0.011761 0.002116
0.002147 0.007243 0.010445 0.972507 0.007657
0.823240 0.145271 0.026410 0.003818 0.001260
0.003689 0.425247 0.562572 0.007123 0.001369
0.001520 0.918174 0.076230 0.003355 0.000721
0.001715 0.026076 0.831403 0.136652 0.004154
0.001972 0.043478 0.736033 0.216197 0.002320
0.001288 0.009070 0.959709 0.027063 0.002869
0.001718 0.505023 0.489586 0.002926 0.000747
0.012614 0.948680 0.025289 0.012379 0.001039
0.011713 0.077904 0.179971 0.610454 0.119959
0.030075 0.035570 0.929007 0.004145 0.001203
0.002594 0.633066 0.338669 0.024240 0.001431
0.001803 0.010382 0.817051 0.156673 0.014091
0.009439 0.045173 0.910516 0.029094 0.005778
0.079321 0.328563 0.561279 0.026317 0.004519
0.003747 0.891135 0.102099 0.001639 0.001379
0.004572 0.933382 0.049218 0.011805 0.001023
0.004882 0.902134 0.089310 0.002778 0.000897
0.002705 0.294755 0.454582 0.245880 0.002078
0.004488 0.294093 0.657598 0.041502 0.002319
0.001500 0.008776 0.966304 0.022057 0.001363
0.011448 0.373334 0.490700 0.120465 0.004053
0.004134 0.239055 0.739961 0.015803 0.001046
0.017378 0.222186 0.661398 0.069129 0.029908
0.004327 0.675799 0.284930 0.033017 0.001927
0.004587 0.456426 0.495314 0.028900 0.014773
0.007772 0.042479 0.913016 0.035044 0.001689
0.000878 0.004091 0.086106 0.898028 0.010897
0.015537 0.193503 0.240704 0.539767 0.010488
0.004899 0.130061 0.591611 0.264541 0.008889
0.003993 0.851580 0.130277 0.012996 0.001155
0.003375 0.054003 0.291271 0.636771 0.014581
0.546832 0.306873 0.110025 0.022180 0.014090
0.011647 0.049431 0.874096 0.057386 0.007439
0.002791 0.006710 0.136719 0.831103 0.022677
0.002022 0.012604 0.973669 0.011063 0.000642
0.001815 0.059122 0.123196 0.812774 0.003094
0.002745 0.005700 0.035268 0.655942 0.300344
0.008740 0.813902 0.174857 0.001914 0.000588
0.002943 0.096982 0.639978 0.235005 0.025092
0.008466 0.141514 0.840828 0.007416 0.001775
0.020871 0.157376 0.804596 0.013396 0.003761
0.013318 0.153325 0.798478 0.027927 0.006951
0.000926 0.039384 0.951926 0.007165 0.000600
0.003477 0.028834 0.410109 0.552633 0.004947
0.000495 0.001514 0.029874 0.964577 0.003540
0.019612 0.948386 0.028406 0.001766 0.001831
0.003016 0.021411 0.105338 0.860406 0.009829
0.013457 0.969428 0.015135 0.001643 0.000338
0.002154 0.020406 0.902243 0.072387 0.002811
0.003674 0.003925 0.969511 0.018939 0.003951
0.002350 0.007920 0.963623 0.019788 0.006318
0.001438 0.187157 0.699350 0.108668 0.003387
0.006050 0.052552 0.834990 0.100641 0.005767
0.018620 0.553591 0.416917 0.009491 0.001380
0.004738 0.037039 0.768829 0.161119 0.028275
0.005390 0.288928 0.642516 0.043567 0.019599
0.017429 0.930835 0.049135 0.001943 0.000657
0.017200 0.554590 0.341992 0.077885 0.008333
0.007310 0.024384 0.241185 0.718270 0.008851
0.077282 0.833703 0.083521 0.004288 0.001206
0.014911 0.017588 0.458143 0.487555 0.021803
0.000673 0.007305 0.987366 0.002227 0.002429
0.002116 0.192980 0.791321 0.012587 0.000997
0.003799 0.053840 0.451466 0.434526 0.056368
0.005280 0.079225 0.841760 0.066367 0.007368
0.005294 0.067086 0.830467 0.074702 0.022451
0.001052 0.019886 0.030639 0.946224 0.002199
0.001707 0.280904 0.703857 0.012079 0.001453
0.008283 0.583776 0.382214 0.022927 0.002800
0.001377 0.934321 0.058676 0.004185 0.001441
0.003203 0.020585 0.894719 0.077275 0.004219
0.002024 0.416434 0.548375 0.017160 0.016006
0.004856 0.755668 0.201215 0.032821 0.005440
0.019432 0.805977 0.155987 0.016608 0.001996
0.016003 0.373058 0.450589 0.149462 0.010888
0.001104 0.964419 0.027596 0.004896 0.001985
0.009512 0.103154 0.859616 0.026384 0.001334
0.004608 0.168123 0.771751 0.053762 0.001756
0.024007 0.368940 0.592024 0.012823 0.002205
0.028161 0.513222 0.358402 0.060919 0.039296
0.002004 0.364458 0.546277 0.077705 0.009555
0.001370 0.902030 0.093942 0.001778 0.000880
0.000938 0.001969 0.043321 0.940118 0.013654
0.005837 0.970642 0.018465 0.004207 0.000849
0.002480 0.966684 0.026045 0.004039 0.000752
0.016698 0.405937 0.539954 0.030087 0.007323
0.002582 0.971197 0.021593 0.003895 0.000733
0.002809 0.911526 0.079051 0.006051 0.000563
0.067853 0.067729 0.841366 0.020720 0.002332
0.000734 0.986558 0.011686 0.000809 0.000213
0.003972 0.025724 0.580912 0.114072 0.275321
0.009594 0.277561 0.695314 0.015504 0.002028
0.005625 0.852078 0.137560 0.003545 0.001193
0.000817 0.995266 0.003054 0.000577 0.000286
0.004425 0.948225 0.042799 0.003765 0.000785
0.007638 0.012801 0.073960 0.848539 0.057061
0.004506 0.773258 0.217511 0.003495 0.001230
0.026592 0.866956 0.095556 0.009324 0.001572
0.016782 0.492534 0.417412 0.065783 0.007489
0.004069 0.956176 0.038044 0.001035 0.000676
0.022253 0.311354 0.594509 0.036459 0.035425
0.034174 0.845872 0.108031 0.009302 0.002622
0.006328 0.493592 0.397716 0.089604 0.012760
0.002430 0.975425 0.019177 0.002281 0.000687
0.004591 0.456809 0.495729 0.028086 0.014786
0.008052 0.049199 0.792380 0.119628 0.030741
0.009021 0.205433 0.606591 0.160388 0.018567
0.004928 0.256880 0.352644 0.375092 0.010456
0.004982 0.966803 0.024203 0.003345 0.000667
0.004177 0.013960 0.669280 0.310959 0.001623
0.006280 0.912276 0.070175 0.009988 0.001280
0.037993 0.626156 0.248031 0.084183 0.003636
0.005031 0.137987 0.844711 0.009206 0.003064
0.067859 0.037608 0.466208 0.316413 0.111912
0.005051 0.084643 0.075962 0.831385 0.002959
0.041105 0.184603 0.721023 0.047169 0.006100
0.001970 0.308336 0.673364 0.014343 0.001987
0.008380 0.928594 0.058289 0.003359 0.001378
0.005331 0.607169 0.365103 0.020814 0.001582
0.003030 0.005306 0.679756 0.304075 0.007833
0.001560 0.438334 0.556630 0.002790 0.000687
0.004019 0.169030 0.809897 0.014860 0.002195
0.002796 0.909008 0.074045 0.008408 0.005744
0.002177 0.006947 0.363615 0.608865 0.018396
0.000722 0.010423 0.936031 0.051933 0.000891
0.001456 0.004063 0.895188 0.095467 0.003826
0.003066 0.026147 0.330200 0.616011 0.024576
0.127251 0.783872 0.077361 0.009725 0.001790
0.001473 0.228231 0.765810 0.003446 0.001040
0.001844 0.475788 0.494250 0.019675 0.008444
0.006851 0.426253 0.333861 0.219929 0.013107
0.012812 0.599979 0.344744 0.040265 0.002199
0.004267 0.110448 0.870637 0.011271 0.003377
0.004214 0.030837 0.804518 0.144444 0.015988
0.001310 0.001098 0.041809 0.950045 0.005739
0.005029 0.947150 0.042935 0.002895 0.001991
0.000965 0.021181 0.933023 0.043005 0.001825
0.019545 0.225538 0.617487 0.101420 0.036010
0.001192 0.004506 0.025845 0.967110 0.001346
0.012874 0.957615 0.026450 0.002475 0.000586
0.004647 0.752824 0.219540 0.021312 0.001677
0.003578 0.038846 0.466288 0.430062 0.061227
0.074686 0.377687 0.527946 0.014070 0.005611
0.002372 0.933320 0.058232 0.004448 0.001628
0.018543 0.544144 0.429874 0.004874 0.002566
0.002774 0.037731 0.578680 0.369765 0.011050
0.000613 0.006657 0.988488 0.002029 0.002214
0.009313 0.026408 0.629230 0.277531 0.057518
0.000972 0.013146 0.111262 0.860489 0.014132
0.005142 0.099282 0.541197 0.317517 0.036862
0.002511 0.223015 0.760232 0.012322 0.001920
0.006353 0.067422 0.410414 0.500644 0.015166
0.005972 0.713166 0.127437 0.148295 0.005130
0.011248 0.010129 0.816157 0.161364 0.001101
0.002154 0.065245 0.473886 0.454663 0.004052
0.213230 0.717123 0.063291 0.005103 0.001254
0.209256 0.543153 0.215981 0.029355 0.002255
0.001388 0.986363 0.010847 0.001124 0.000278
0.023059 0.584153 0.356187 0.034721 0.001880
0.003918 0.009288 0.976565 0.006817 0.003413
0.004590 0.006920 0.022612 0.054112 0.911766
0.014788 0.874539 0.061896 0.047621 0.001155
0.007647 0.287482 0.673796 0.024382 0.006693
0.027193 0.042248 0.680855 0.240432 0.009272
0.006471 0.456387 0.515460 0.017651 0.004031
0.002653 0.004946 0.716017 0.261533 0.014851
0.010753 0.341191 0.621815 0.016638 0.009603
0.005053 0.775957 0.187462 0.025203 0.006325
0.010400 0.452706 0.181238 0.346959 0.008698
0.004811 0.374672 0.407896 0.207705 0.004914
0.025642 0.019976 0.409082 0.211544 0.333756
0.001343 0.011850 0.916822 0.067002 0.002983
0.006402 0.277465 0.699132 0.016231 0.000771
0.008739 0.032826 0.528161 0.412951 0.017324
0.071035 0.204010 0.126401 0.596440 0.002114
0.013318 0.342944 0.633630 0.009068 0.001040
0.006725 0.893568 0.093538 0.005141 0.001028
0.008494 0.275205 0.682697 0.029935 0.003670
0.006784 0.018075 0.895781 0.055002 0.024359
0.001361 0.009044 0.080883 0.900897 0.007815
0.012181 0.436103 0.540097 0.007795 0.003824
0.014216 0.153016 0.104322 0.724065 0.004382
0.002946 0.030583 0.501787 0.451415 0.013269
0.018064 0.713721 0.197232 0.067904 0.003078
0.010400 0.452706 0.181238 0.346959 0.008698
0.015306 0.317815 0.621703 0.038918 0.006259
0.001679 0.325435 0.665276 0.006024 0.001587
0.201938 0.477724 0.296293 0.018856 0.005189
0.002095 0.029032 0.257036 0.706482 0.005354
0.001613 0.032304 0.958551 0.007028 0.000504
0.005799 0.014475 0.353827 0.512172 0.113727
0.005358 0.814756 0.176426 0.002353 0.001107
0.025451 0.041418 0.858789 0.072505 0.001838
0.001723 0.002347 0.901096 0.089443 0.005392
0.001065 0.750304 0.241801 0.005306 0.001524
0.000953 0.761227 0.233832 0.003498 0.000489
0.002437 0.208695 0.764100 0.017392 0.007375
0.000548 0.971768 0.026748 0.000702 0.000234
0.045365 0.632244 0.277501 0.038453 0.006437
0.000568 0.001771 0.024930 0.963272 0.009459
0.007499 0.074395 0.911625 0.005081 0.001400
0.001792 0.021961 0.927451 0.046163 0.002632
0.003257 0.351516 0.625273 0.014200 0.005755
0.007320 0.042092 0.559106 0.378763 0.012719
0.001270 0.767143 0.227865 0.002829 0.000893
0.006239 0.015604 0.104910 0.061396 0.811850
0.002028 0.029547 0.948804 0.018952 0.000669
0.029532 0.432380 0.394095 0.108749 0.035243
0.021227 0.188793 0.771204 0.016202 0.002573
0.007301 0.029585 0.565383 0.382898 0.014832
0.015543 0.896657 0.081197 0.005628 0.000975
0.019592 0.028464 0.305296 0.560753 0.085895
0.000502 0.001275 0.966178 0.026096 0.005948
0.004221 0.849476 0.140454 0.005086 0.000762
0.003010 0.014181 0.397352 0.576653 0.008805
0.004944 0.022078 0.254992 0.670720 0.047267
0.011217 0.855071 0.126256 0.005948 0.001508
0.006800 0.155978 0.338946 0.492248 0.006028
0.004285 0.134655 0.693281 0.163527 0.004251
0.001423 0.939275 0.054689 0.003960 0.000653
0.004743 0.612995 0.370878 0.008683 0.002701
0.015163 0.384339 0.581750 0.013388 0.005359
0.005070 0.028765 0.932716 0.032679 0.000769
0.009006 0.081796 0.554196 0.348977 0.006026
0.002819 0.107682 0.857731 0.029444 0.002324
0.009934 0.122903 0.709448 0.141007 0.016708
0.000677 0.002079 0.074919 0.917581 0.004744
0.005687 0.979940 0.012195 0.001891 0.000287
0.002751 0.235527 0.756863 0.004008 0.000851
0.002345 0.972865 0.020997 0.003325 0.000467
0.000605 0.005346 0.076274 0.915158 0.002617
0.086590 0.113122 0.782442 0.013213 0.004634
0.004059 0.071149 0.914357 0.009588 0.000847
0.001739 0.116622 0.863991 0.015567 0.002082
0.003239 0.802587 0.190595 0.002901 0.000678
0.017805 0.250782 0.660505 0.065175 0.005733
0.008563 0.514282 0.467017 0.008394 0.001745
0.003523 0.092645 0.866364 0.032998 0.004469
0.005359 0.416093 0.557465 0.018086 0.002997
0.099892 0.406595 0.387105 0.095013 0.011396
0.000888 0.884252 0.109330 0.005005 0.000525
0.005421 0.193733 0.363917 0.415577 0.021352
0.004439 0.242737 0.228800 0.515326 0.008697
0.002599 0.213921 0.750908 0.030788 0.001785
0.002776 0.068989 0.921772 0.005654 0.000809
0.006885 0.129089 0.344452 0.513772 0.005803
0.004090 0.281973 0.601792 0.108509 0.003635
0.011623 0.179438 0.694014 0.112275 0.002650
0.057754 0.862651 0.064584 0.013461 0.001550
0.003982 0.007813 0.492277 0.450009 0.045919
0.005018 0.297348 0.269994 0.416167 0.011472
0.005793 0.027830 0.956708 0.007950 0.001718
0.001686 0.003799 0.242839 0.725629 0.026046
0.013546 0.027273 0.911923 0.041149 0.006108
0.076565 0.026302 0.478158 0.394070 0.024905
0.003656 0.027190 0.936790 0.029322 0.003041
0.020835 0.657991 0.296850 0.020917 0.003407
0.014441 0.121170 0.614857 0.239337 0.010195
0.007174 0.023727 0.544904 0.368935 0.055260
0.022472 0.165067 0.795963 0.014586 0.001911
0.005736 0.013796 0.182341 0.593060 0.205066
0.002941 0.011438 0.285805 0.637899 0.061916
0.025873 0.830362 0.129981 0.008823 0.004962
0.005598 0.249249 0.739094 0.005242 0.000817
0.097626 0.234296 0.604735 0.058439 0.004905
0.003103 0.003722 0.889308 0.060865 0.043002
0.012584 0.949199 0.032563 0.004613 0.001041
0.208923 0.699834 0.082202 0.007168 0.001873
0.003336 0.866315 0.098612 0.029486 0.002251
0.009077 0.315879 0.665768 0.005758 0.003519
0.006727 0.211934 0.703854 0.072219 0.005266
0.001611 0.182707 0.776704 0.028813 0.010165
0.001174 0.015340 0.967348 0.014438 0.001700
0.001646 0.005567 0.033805 0.016825 0.942157
0.002031 0.990618 0.006124 0.000957 0.000269
0.011323 0.033964 0.620459 0.284885 0.049369
0.009901 0.632210 0.352480 0.004538 0.000871
0.046604 0.430063 0.517173 0.004950 0.001211
0.001934 0.037548 0.942448 0.016915 0.001156
0.001266 0.004980 0.793460 0.183042 0.017252
0.001285 0.349861 0.644366 0.003650 0.000837
0.020774 0.759715 0.179736 0.036781 0.002995
0.003322 0.043599 0.925334 0.025563 0.002183
0.008392 0.520779 0.326579 0.139445 0.004805
0.001517 0.077418 0.896780 0.020877 0.003407
0.001190 0.784349 0.211145 0.002650 0.000666
0.041446 0.252311 0.677294 0.026473 0.002476
0.007757 0.163830 0.579951 0.241502 0.006959
0.005251 0.274597 0.663092 0.054648 0.002412
0.004984 0.122482 0.869471 0.002534 0.000530
0.002884 0.650157 0.272920 0.071750 0.002289
0.001887 0.002350 0.091924 0.894077 0.009762
0.004944 0.529109 0.438332 0.024801 0.002814
0.004375 0.029809 0.261366 0.631624 0.072826
0.004310 0.088053 0.896668 0.010045 0.000925
0.003695 0.433624 0.509767 0.050919 0.001996
0.005870 0.225018 0.741924 0.019544 0.007644
0.001856 0.821864 0.169720 0.005272 0.001289
0.008638 0.141175 0.789027 0.041613 0.019548
0.004630 0.007310 0.351432 0.399028 0.237599
0.007191 0.074572 0.910763 0.006318 0.001157
0.003681 0.341024 0.643336 0.010891 0.001068
0.001364 0.929620 0.062718 0.004741 0.001557
0.003068 0.560843 0.410856 0.023837 0.001397
0.016753 0.685322 0.187851 0.098660 0.011414
0.008640 0.551190 0.430920 0.007913 0.001336
0.027355 0.331622 0.619851 0.016837 0.004335
0.001460 0.268730 0.698484 0.024704 0.006622
0.012182 0.690764 0.279992 0.014493 0.002570
0.000508 0.936531 0.058440 0.003467 0.001053
0.007775 0.050492 0.846955 0.081912 0.012867
0.005498 0.946798 0.030901 0.015045 0.001757
0.003954 0.132988 0.682358 0.179340 0.001360
0.008010 0.002323 0.061719 0.882973 0.044975
0.005483 0.058466 0.763242 0.171071 0.001738
0.002975 0.014605 0.794560 0.185063 0.002796
0.001192 0.092043 0.891110 0.014010 0.001645
0.004338 0.076709 0.453509 0.460572 0.004872
0.009770 0.394502 0.503467 0.075147 0.017113
0.017033 0.844689 0.121609 0.013365 0.003304
0.016154 0.892155 0.079042 0.010264 0.002385
0.007671 0.052532 0.921808 0.013645 0.004344
0.002287 0.439955 0.546275 0.010296 0.001187
0.002888 0.270545 0.703740 0.018241 0.004586
0.002555 0.064874 0.670795 0.256313 0.005462
0.009550 0.848472 0.134426 0.006267 0.001286
0.001914 0.006567 0.060637 0.930334 0.000548
0.004695 0.108842 0.529879 0.303365 0.053219
0.006789 0.264183 0.714681 0.011539 0.002809
0.002750 0.874719 0.116659 0.004459 0.001413
0.004484 0.006451 0.814564 0.110142 0.064359
0.002448 0.074956 0.619427 0.278896 0.024273
0.004191 0.027879 0.262858 0.698886 0.006186
0.006889 0.190470 0.437270 0.292000 0.073371
0.070448 0.718518 0.182789 0.020152 0.008094
0.005062 0.326055 0.457870 0.209039 0.001974
0.008932 0.159366 0.536103 0.287862 0.007737
0.015060 0.245305 0.617410 0.102171 0.020054
0.004048 0.141641 0.825479 0.018130 0.010703
0.006311 0.011387 0.650636 0.317118 0.014548
0.007694 0.016512 0.972281 0.001970 0.001543
0.001030 0.003332 0.981957 0.007510 0.006172
0.009814 0.014870 0.630315 0.267249 0.077752
0.014860 0.675817 0.291065 0.016922 0.001336
0.004310 0.322432 0.643359 0.028076 0.001823
0.008187 0.126457 0.857550 0.005150 0.002656
0.035189 0.800435 0.152489 0.010503 0.001383
0.020833 0.274235 0.586070 0.110000 0.008861
0.004553 0.015237 0.704709 0.258876 0.016626
0.014308 0.339685 0.587309 0.056601 0.002097
0.174796 0.728537 0.079379 0.012029 0.005259
0.013357 0.432864 0.463643 0.084625 0.005510
0.001719 0.935811 0.053599 0.008209 0.000662
0.004641 0.614945 0.339838 0.033121 0.007454
0.003185 0.005268 0.111674 0.873418 0.006455
0.005219 0.024461 0.574215 0.378821 0.017284
0.002062 0.057934 0.880965 0.057113 0.001926
0.345733 0.574341 0.061040 0.014742 0.004145
0.273720 0.395119 0.244760 0.081699 0.004702
0.007577 0.153778 0.538872 0.193722 0.106050
0.018984 0.940071 0.036601 0.002417 0.001928
0.007543 0.610355 0.373845 0.006859 0.001397
0.003184 0.170826 0.806298 0.018257 0.001434
0.236020 0.368470 0.340505 0.052119 0.002886
0.004718 0.725961 0.230183 0.033886 0.005252
0.000265 0.000974 0.023608 0.971350 0.003804
0.003782 0.862954 0.123859 0.008340 0.001065
0.004251 0.942556 0.046596 0.005851 0.000746
0.019778 0.560802 0.339423 0.067517 0.012480
0.009990 0.279403 0.683477 0.021857 0.005274
0.012303 0.040697 0.620427 0.218466 0.108106
0.003382 0.002947 0.820647 0.113356 0.059668
0.007640 0.953758 0.034125 0.002852 0.001626
0.002634 0.103087 0.767128 0.116948 0.010202
0.006622 0.604542 0.375160 0.012080 0.001596
0.001641 0.037043 0.892690 0.066155 0.002470
0.016360 0.045637 0.775247 0.118699 0.044057
0.002289 0.023173 0.806423 0.164444 0.003672
0.006721 0.059349 0.927070 0.006075 0.000784
0.001449 0.008142 0.605447 0.365005 0.019958
0.005683 0.579891 0.195569 0.208452 0.010405
0.032596 0.405459 0.548538 0.010557 0.002851
0.006085 0.370852 0.532801 0.086668 0.003595
0.001815 0.159144 0.822668 0.014983 0.001390
0.005312 0.050899 0.653641 0.217702 0.072445
0.011499 0.455437 0.456254 0.074789 0.002021
0.097688 0.728385 0.120818 0.045862 0.007247
0.074039 0.043491 0.413253 0.446739 0.022478
0.007600 0.061376 0.232452 0.689849 0.008722
0.007958 0.051807 0.922632 0.015080 0.002523
0.003300 0.113128 0.650476 0.224442 0.008654
0.007955 0.018414 0.953737 0.018904 0.000990
0.007438 0.062719 0.563908 0.344398 0.021537
0.004387 0.076602 0.744813 0.159639 0.014559
0.010521 0.110758 0.845786 0.029811 0.003125
0.002677 0.982267 0.012826 0.001661 0.000569
0.005688 0.196250 0.783242 0.010979 0.003842
0.009101 0.911607 0.073800 0.003828 0.001664
0.002070 0.097843 0.888780 0.009169 0.002137
0.012968 0.910173 0.067180 0.008620 0.001058
0.019449 0.022322 0.501052 0.421641 0.035536
