0.004453 0.016596 0.929358 0.036207 0.013385
0.007424 0.016537 0.761009 0.180959 0.034070
0.021780 0.060671 0.740502 0.159972 0.017076
0.002649 0.961518 0.027865 0.006045 0.001923
0.011103 0.052759 0.380482 0.527651 0.028006
0.031946 0.543313 0.403005 0.016885 0.004850
0.021636 0.714311 0.228451 0.031017 0.004585
0.010098 0.031592 0.625822 0.301090 0.031397
0.012631 0.817379 0.151715 0.012958 0.005316
0.009850 0.098575 0.751251 0.111545 0.028780
0.005891 0.873225 0.103501 0.013548 0.003835
0.044770 0.128872 0.679409 0.124708 0.022240
0.048414 0.704679 0.226265 0.013296 0.007346
0.015988 0.164739 0.724210 0.080012 0.015052
0.746522 0.202524 0.037077 0.006144 0.007733
0.021052 0.067737 0.749293 0.144444 0.017474
0.017442 0.451291 0.471958 0.049080 0.010230
0.015092 0.115842 0.725338 0.133350 0.010378
0.004416 0.013781 0.814205 0.162242 0.005356
0.095999 0.450344 0.412695 0.028457 0.012505
0.020973 0.449227 0.493607 0.022430 0.013763
0.010881 0.099651 0.793825 0.084842 0.010800
0.006439 0.093191 0.852752 0.041738 0.005880
0.007730 0.172511 0.409009 0.374406 0.036344
0.004983 0.055972 0.902542 0.033335 0.003167
0.011579 0.515609 0.388107 0.078048 0.006658
0.038039 0.097861 0.430624 0.411061 0.022415
0.005099 0.019990 0.925212 0.041307 0.008392
0.017718 0.338648 0.620471 0.015558 0.007605
0.015711 0.904312 0.058095 0.018030 0.003852
0.009333 0.160999 0.547872 0.260596 0.021201
0.014169 0.010132 0.237899 0.697995 0.039804
0.003542 0.199871 0.322181 0.462617 0.011789
0.015399 0.260578 0.694634 0.020303 0.009085
0.007827 0.049853 0.808946 0.122092 0.011281
0.007641 0.063118 0.691456 0.226862 0.010924
0.006479 0.030112 0.941496 0.016600 0.005312
0.005669 0.073873 0.909754 0.007167 0.003537
0.003347 0.039166 0.936302 0.015780 0.005404
0.009087 0.044549 0.102301 0.835496 0.008567
0.014003 0.073026 0.368749 0.525949 0.018273
0.008757 0.012532 0.960777 0.015969 0.001964
0.013138 0.436119 0.479534 0.052126 0.019082
0.010817 0.060546 0.781132 0.105603 0.041903
0.005318 0.009146 0.465184 0.506473 0.013879
0.010163 0.146283 0.531927 0.305436 0.006191
0.011688 0.084976 0.819392 0.057340 0.026604
0.024555 0.480887 0.427582 0.059893 0.007084
0.027371 0.030587 0.109713 0.357834 0.474495
0.009808 0.664296 0.262534 0.055489 0.007873
0.031673 0.180595 0.707222 0.071287 0.009223
0.002205 0.011224 0.139005 0.837992 0.009574
0.006411 0.081099 0.785804 0.113733 0.012952
0.681676 0.110371 0.178594 0.019074 0.010285
0.041827 0.092689 0.761464 0.074018 0.030002
0.046415 0.835597 0.100298 0.013451 0.004239
0.061970 0.494563 0.404708 0.029061 0.009698
0.014196 0.012921 0.551579 0.389369 0.031936
0.005261 0.011131 0.738351 0.228975 0.016281
0.012308 0.014719 0.170851 0.781775 0.020346
0.016853 0.935279 0.036726 0.007766 0.003375
0.012171 0.487473 0.457944 0.031745 0.010667
0.008139 0.855896 0.126220 0.006241 0.003506
0.006841 0.029855 0.258616 0.661055 0.043632
0.010777 0.400879 0.566608 0.015206 0.006530
0.003523 0.005842 0.883516 0.099795 0.007324
0.116656 0.554932 0.307662 0.013363 0.007387
0.011009 0.703539 0.255580 0.021195 0.008678
0.005523 0.022251 0.150739 0.818511 0.002977
0.014030 0.110955 0.746481 0.118864 0.009670
0.009880 0.006798 0.330190 0.607673 0.045459
0.006786 0.010206 0.121037 0.844520 0.017452
0.016240 0.683746 0.263284 0.027090 0.009641
0.189974 0.283289 0.478205 0.035857 0.012675
0.010521 0.385200 0.587329 0.010392 0.006558
0.040811 0.088560 0.636312 0.209311 0.025006
0.012441 0.161153 0.651519 0.162665 0.012222
0.007706 0.095368 0.877747 0.013688 0.005492
0.006519 0.961200 0.020100 0.009478 0.002703
0.024477 0.057495 0.618828 0.272920 0.026280
0.006072 0.005375 0.939077 0.036898 0.012578
0.009801 0.880845 0.092103 0.012945 0.004307
0.012022 0.092571 0.775055 0.093517 0.026836
0.016714 0.225288 0.160431 0.581379 0.016188
0.030825 0.113565 0.843639 0.007710 0.004261
0.010283 0.262405 0.640824 0.076075 0.010412
0.011615 0.020463 0.321523 0.542624 0.103776
0.064499 0.135619 0.744199 0.044447 0.011236
0.006012 0.916973 0.064327 0.010620 0.002067
0.008169 0.789090 0.171031 0.025605 0.006105
0.033757 0.190732 0.699773 0.062470 0.013268
0.017895 0.376354 0.540202 0.052572 0.012977
0.285103 0.451675 0.231831 0.023813 0.007579
0.051478 0.159447 0.598178 0.173706 0.017190
0.012066 0.966033 0.016085 0.003908 0.001907
0.005140 0.025215 0.121440 0.772678 0.075528
0.055822 0.553516 0.356397 0.022809 0.011457
0.031820 0.134988 0.519029 0.282881 0.031282
0.019984 0.131075 0.572397 0.215336 0.061207
0.004264 0.007596 0.113436 0.849866 0.024839
0.005382 0.050883 0.154664 0.783472 0.005600
0.103440 0.271424 0.578440 0.038539 0.008157
0.042439 0.201268 0.509651 0.198066 0.048576
0.007605 0.935957 0.037671 0.016066 0.002700
0.003739 0.705101 0.271750 0.010345 0.009066
0.010563 0.019013 0.680212 0.202789 0.087423
0.017235 0.851232 0.121840 0.005628 0.004064
0.029582 0.878188 0.077112 0.009429 0.005689
0.009952 0.805099 0.174316 0.007493 0.003139
0.011835 0.469847 0.408704 0.096911 0.012703
0.018217 0.076485 0.859893 0.036491 0.008914
0.009498 0.074999 0.855381 0.051657 0.008465
0.008650 0.031078 0.816925 0.136077 0.007270
0.008776 0.207123 0.510560 0.246347 0.027193
0.006851 0.107001 0.831461 0.039421 0.015266
0.007120 0.053066 0.883987 0.046019 0.009808
0.013921 0.677653 0.114580 0.169108 0.024738
0.015244 0.054982 0.849301 0.074296 0.006177
0.041590 0.877281 0.063302 0.012300 0.005526
0.006404 0.884809 0.096997 0.008665 0.003125
0.084751 0.530844 0.313195 0.050662 0.020548
0.082483 0.536544 0.342309 0.031639 0.007025
0.010050 0.269486 0.686835 0.024570 0.009059
0.017053 0.281632 0.637933 0.039582 0.023800
0.004554 0.819708 0.133380 0.037854 0.004503
0.010721 0.199287 0.727758 0.046959 0.015275
0.009623 0.132243 0.758003 0.054584 0.045547
0.009426 0.135364 0.701173 0.131286 0.022751
0.007365 0.114394 0.685785 0.183823 0.008634
0.013590 0.149898 0.693673 0.086831 0.056008
0.007785 0.018170 0.587683 0.337392 0.048970
0.014946 0.815659 0.150137 0.010890 0.008368
0.005714 0.576945 0.235623 0.157612 0.024105
0.017416 0.862395 0.109214 0.007264 0.003712
0.006043 0.710165 0.265954 0.013265 0.004573
0.007862 0.699302 0.276568 0.010216 0.006052
0.007963 0.023263 0.554883 0.382230 0.031662
0.003957 0.043614 0.926461 0.021742 0.004225
0.008191 0.129222 0.790535 0.048917 0.023135
0.018984 0.449275 0.480562 0.042850 0.008329
0.123699 0.559288 0.290122 0.018571 0.008320
0.007353 0.311435 0.642957 0.019150 0.019106
0.020652 0.062840 0.722344 0.114777 0.079387
0.007654 0.196112 0.776513 0.013555 0.006165
0.013334 0.028185 0.841640 0.098321 0.018520
0.007401 0.389786 0.539739 0.049421 0.013653
0.092584 0.359138 0.488841 0.042726 0.016711
0.011375 0.227495 0.490661 0.240025 0.030444
0.008866 0.293160 0.654259 0.032917 0.010798
0.009246 0.801292 0.114318 0.060295 0.014850
0.017038 0.527518 0.392782 0.048265 0.014398
0.034811 0.935178 0.019744 0.006025 0.004242
0.004461 0.139843 0.847597 0.004866 0.003233
0.364390 0.126965 0.386493 0.101981 0.020171
0.007620 0.038692 0.889196 0.037649 0.026843
0.005647 0.711140 0.271777 0.006781 0.004655
0.015639 0.227804 0.636234 0.049464 0.070858
0.006770 0.022032 0.842563 0.118262 0.010373
0.015622 0.021289 0.760124 0.187861 0.015105
0.221945 0.704162 0.050057 0.017146 0.006690
0.018112 0.337915 0.578700 0.051010 0.014262
0.007758 0.424330 0.541570 0.021214 0.005128
0.002949 0.014967 0.107424 0.866332 0.008328
0.226532 0.474027 0.258710 0.031847 0.008884
0.010719 0.058451 0.897369 0.027261 0.006200
0.012890 0.199375 0.776009 0.006786 0.004940
0.027295 0.051830 0.539860 0.222080 0.158934
0.018561 0.676701 0.227340 0.061471 0.015927
0.008614 0.062536 0.710305 0.189047 0.029499
0.020580 0.049718 0.829760 0.084484 0.015458
0.013957 0.792710 0.169907 0.019177 0.004248
0.020160 0.733195 0.198035 0.038284 0.010326
0.008966 0.398595 0.551554 0.032834 0.008051
0.027544 0.401309 0.515261 0.048573 0.007313
0.003374 0.019064 0.913968 0.048704 0.014891
0.007823 0.018184 0.573385 0.351771 0.048837
0.009683 0.593099 0.366660 0.024780 0.005778
0.072580 0.786526 0.113152 0.019490 0.008251
0.006409 0.454245 0.525653 0.009999 0.003693
0.025455 0.863542 0.094765 0.010797 0.005441
0.015558 0.449847 0.488716 0.033888 0.011991
0.008316 0.010359 0.527116 0.408787 0.045422
0.016263 0.781374 0.190351 0.006822 0.005189
0.014799 0.025610 0.373217 0.567766 0.018607
0.005495 0.938424 0.047325 0.006615 0.002142
0.030723 0.339795 0.564322 0.055785 0.009376
0.027419 0.627194 0.322789 0.016856 0.005741
0.010034 0.016745 0.187833 0.763982 0.021406
0.034980 0.626831 0.318116 0.013596 0.006478
0.010423 0.066541 0.825834 0.081759 0.015442
0.005745 0.006980 0.261993 0.686550 0.038731
0.013885 0.240527 0.693121 0.038802 0.013666
0.010696 0.171446 0.756272 0.054587 0.006998
0.022845 0.152971 0.694925 0.120467 0.008793
0.004512 0.172987 0.644990 0.168592 0.008920
0.007486 0.474759 0.307011 0.191305 0.019439
0.013943 0.846314 0.128500 0.007078 0.004164
0.012295 0.024898 0.209999 0.583059 0.169749
0.006642 0.339311 0.342168 0.263218 0.048661
0.004210 0.013762 0.121464 0.855762 0.004802
0.019701 0.126704 0.753709 0.090781 0.009105
0.009482 0.114337 0.421869 0.422029 0.032283
0.009135 0.579900 0.379464 0.022852 0.008649
0.017087 0.616426 0.327838 0.028153 0.010496
0.011496 0.020596 0.031569 0.039860 0.896480
0.024538 0.783255 0.165206 0.014571 0.012430
0.003357 0.015743 0.232589 0.740178 0.008133
0.008668 0.773022 0.192488 0.020200 0.005622
0.026515 0.842911 0.118952 0.007152 0.004470
0.012436 0.655097 0.315738 0.011592 0.005137
0.003185 0.016956 0.020195 0.019131 0.940532
0.022533 0.287127 0.400474 0.279099 0.010766
0.014437 0.054418 0.666317 0.246063 0.018766
0.008213 0.021043 0.921178 0.042929 0.006637
0.028633 0.898203 0.062680 0.006671 0.003812
0.002994 0.034783 0.939247 0.019689 0.003286
0.024783 0.109758 0.303121 0.402558 0.159779
0.021397 0.228253 0.311770 0.391790 0.046790
0.007398 0.293032 0.634790 0.058030 0.006751
0.014802 0.091081 0.533009 0.205244 0.155864
0.004076 0.012277 0.866373 0.109508 0.007767
0.012573 0.535168 0.375143 0.056629 0.020487
0.021995 0.122086 0.805038 0.044829 0.006052
0.242920 0.197610 0.366024 0.161431 0.032016
0.010764 0.134578 0.707610 0.134607 0.012441
0.007272 0.814334 0.170606 0.004490 0.003298
0.005674 0.044013 0.804826 0.134255 0.011232
0.010652 0.891938 0.084777 0.009214 0.003419
0.006611 0.933616 0.051319 0.005894 0.002561
0.008200 0.095686 0.881911 0.010210 0.003993
0.010457 0.083473 0.159286 0.731235 0.015549
0.017317 0.359732 0.532763 0.061431 0.028758
0.008506 0.331512 0.573595 0.070670 0.015717
0.075152 0.688510 0.202141 0.024764 0.009433
0.030756 0.062826 0.124014 0.764880 0.017523
0.042927 0.118527 0.809681 0.023449 0.005417
0.004861 0.010094 0.802180 0.167674 0.015191
0.004852 0.017006 0.708722 0.250564 0.018855
0.007819 0.769126 0.184711 0.032733 0.005611
0.043167 0.587197 0.334157 0.027040 0.008439
0.019138 0.773792 0.159640 0.033274 0.014156
0.004505 0.159678 0.782507 0.043470 0.009839
0.010723 0.790571 0.185181 0.010129 0.003395
0.175956 0.237220 0.520795 0.052223 0.013807
0.005447 0.559762 0.405212 0.023941 0.005638
0.010978 0.258518 0.599205 0.062445 0.068854
0.017024 0.454551 0.505828 0.017205 0.005391
0.012935 0.126953 0.509823 0.308043 0.042247
0.010076 0.115555 0.680762 0.161747 0.031861
0.027652 0.044795 0.740228 0.168185 0.019139
0.013673 0.099368 0.246194 0.623082 0.017683
0.021899 0.429004 0.305734 0.224877 0.018486
0.006619 0.012667 0.958699 0.017514 0.004501
0.005255 0.621464 0.316477 0.037211 0.019594
0.028570 0.009501 0.240086 0.706848 0.014994
0.017723 0.429279 0.506731 0.036677 0.009590
0.003463 0.070203 0.919784 0.004034 0.002516
0.020820 0.161296 0.781278 0.029284 0.007322
0.008991 0.165718 0.788405 0.027760 0.009126
0.014973 0.926454 0.047139 0.006596 0.004838
0.010928 0.037395 0.662568 0.251884 0.037225
0.006795 0.022491 0.804035 0.145343 0.021337
0.011778 0.106046 0.559521 0.266590 0.056065
0.008072 0.014501 0.148412 0.807020 0.021996
0.049245 0.519188 0.364568 0.046201 0.020799
0.005106 0.162194 0.819328 0.009690 0.003683
0.008329 0.047695 0.682946 0.247065 0.013966
0.007432 0.831148 0.069389 0.085045 0.006986
0.013900 0.879639 0.090085 0.008690 0.007687
0.035097 0.526964 0.419751 0.012093 0.006095
0.022903 0.407367 0.498428 0.058816 0.012487
0.008069 0.037706 0.686278 0.257261 0.010687
0.009926 0.134417 0.556987 0.281018 0.017652
0.006079 0.092136 0.843628 0.049880 0.008277
0.030549 0.933803 0.023760 0.009858 0.002030
0.028667 0.463165 0.279795 0.155240 0.073133
0.005166 0.029852 0.705181 0.250584 0.009218
0.008833 0.109958 0.858846 0.016958 0.005404
0.015879 0.068362 0.659533 0.244109 0.012118
0.005296 0.682543 0.292159 0.015249 0.004754
0.024591 0.416616 0.490353 0.061385 0.007055
0.017765 0.908890 0.063451 0.006014 0.003880
0.025368 0.184664 0.639129 0.097023 0.053815
0.003613 0.069578 0.913188 0.009709 0.003912
0.027349 0.771820 0.177279 0.013756 0.009796
0.086929 0.200854 0.561684 0.127785 0.022748
0.022233 0.505276 0.447594 0.016400 0.008496
0.008907 0.074269 0.837256 0.070825 0.008742
0.145076 0.302197 0.480194 0.061066 0.011467
0.123511 0.528524 0.124682 0.103012 0.120270
0.034091 0.792063 0.162535 0.006837 0.004473
0.011369 0.159413 0.772682 0.040810 0.015726
0.019181 0.125467 0.760159 0.085458 0.009735
0.035404 0.073215 0.121674 0.762552 0.007155
0.003149 0.967532 0.023269 0.004157 0.001893
0.013525 0.023346 0.655418 0.263673 0.044038
0.011468 0.617707 0.338536 0.026334 0.005954
0.011634 0.793896 0.178915 0.010522 0.005034
0.007132 0.245139 0.739059 0.005365 0.003305
0.003531 0.018582 0.265381 0.689905 0.022601
0.007586 0.040431 0.889336 0.057156 0.005491
0.020733 0.031684 0.413025 0.479623 0.054936
0.004490 0.034219 0.302291 0.646802 0.012198
0.019061 0.014351 0.120754 0.731966 0.113868
0.012088 0.031145 0.248480 0.683191 0.025096
0.009436 0.144249 0.457542 0.335404 0.053369
0.014812 0.091297 0.876359 0.012927 0.004604
0.005854 0.037707 0.117760 0.832026 0.006653
0.309500 0.513975 0.151064 0.014106 0.011356
0.010578 0.810476 0.080483 0.088579 0.009883
0.016987 0.151197 0.692929 0.125503 0.013383
0.009783 0.752909 0.206855 0.024368 0.006084
0.089645 0.672652 0.219562 0.010271 0.007870
0.005928 0.173313 0.802632 0.013166 0.004961
0.017078 0.229226 0.677283 0.065328 0.011085
0.009059 0.020850 0.187286 0.662334 0.120470
0.002952 0.003364 0.046189 0.923992 0.023503
0.011995 0.180601 0.641160 0.146379 0.019865
0.005203 0.923499 0.065592 0.003543 0.002163
0.007046 0.529330 0.433377 0.024692 0.005555
0.005768 0.116796 0.781894 0.067676 0.027865
0.012445 0.168312 0.787594 0.025978 0.005671
0.018590 0.490408 0.436395 0.025489 0.029119
0.007989 0.020957 0.908359 0.052765 0.009930
0.006511 0.040733 0.264429 0.622085 0.066242
0.003859 0.005040 0.134854 0.847697 0.008551
0.023068 0.139604 0.803067 0.027857 0.006405
0.012152 0.858468 0.115235 0.010921 0.003225
0.006606 0.035905 0.888593 0.045552 0.023344
0.022974 0.246751 0.694122 0.029086 0.007067
0.013152 0.119830 0.409372 0.422217 0.035429
0.007196 0.064212 0.428446 0.482380 0.017765
0.035849 0.548488 0.372951 0.026224 0.016487
0.005541 0.322024 0.574574 0.081183 0.016677
0.010305 0.059664 0.198729 0.607402 0.123899
0.287669 0.527988 0.157931 0.020115 0.006297
0.009366 0.053868 0.680713 0.089747 0.166306
0.008490 0.848734 0.116959 0.021121 0.004697
0.006732 0.921586 0.062891 0.004899 0.003892
0.004611 0.041478 0.919552 0.030513 0.003846
0.008060 0.499750 0.413042 0.046628 0.032520
0.013693 0.803989 0.168709 0.008533 0.005076
0.011186 0.072679 0.374917 0.396374 0.144843
0.011813 0.105093 0.598142 0.257282 0.027669
0.020277 0.811100 0.140161 0.014611 0.013852
0.011094 0.174460 0.602400 0.151790 0.060256
0.004102 0.842189 0.144552 0.005094 0.004063
0.047396 0.387929 0.499239 0.055611 0.009825
0.018998 0.134372 0.696191 0.117927 0.032512
0.060407 0.256025 0.660641 0.016248 0.006679
0.011881 0.075960 0.854850 0.048063 0.009245
0.014359 0.216017 0.750241 0.014309 0.005075
0.005966 0.039406 0.163053 0.779928 0.011647
0.008185 0.069163 0.316882 0.580347 0.025424
0.056216 0.865092 0.053794 0.017026 0.007872
0.061132 0.431906 0.458648 0.039431 0.008883
0.013312 0.146531 0.790839 0.040223 0.009095
0.035732 0.081644 0.627263 0.141111 0.114251
0.013573 0.076524 0.898187 0.008806 0.002910
0.023176 0.234099 0.649722 0.054840 0.038164
0.016202 0.095313 0.860200 0.022577 0.005708
0.009077 0.417321 0.523050 0.037275 0.013277
0.008572 0.855652 0.122820 0.009679 0.003276
0.136644 0.480009 0.267842 0.104450 0.011055
0.009381 0.702347 0.200484 0.027229 0.060559
0.010262 0.652670 0.211990 0.117829 0.007249
0.228211 0.388633 0.323537 0.049000 0.010618
0.013224 0.186458 0.701820 0.089051 0.009446
0.019698 0.155755 0.756652 0.059877 0.008018
0.017973 0.904204 0.067280 0.007318 0.003225
0.004355 0.033809 0.877425 0.034501 0.049910
0.019228 0.452089 0.466638 0.050856 0.011188
0.031469 0.095006 0.571604 0.271529 0.030393
0.007205 0.871449 0.110272 0.008258 0.002816
0.019530 0.044935 0.509025 0.413611 0.012898
0.016556 0.158695 0.539338 0.265942 0.019469
0.010774 0.414504 0.362615 0.195446 0.016661
0.020558 0.346054 0.594905 0.028975 0.009508
0.014108 0.124169 0.709196 0.144480 0.008047
0.008173 0.050922 0.900319 0.032165 0.008421
0.020210 0.803558 0.165082 0.005570 0.005580
0.018169 0.737824 0.206588 0.028534 0.008886
0.126558 0.800229 0.046477 0.021067 0.005670
0.005517 0.889072 0.096465 0.006454 0.002492
0.012491 0.213033 0.709469 0.044587 0.020421
0.010817 0.095286 0.754350 0.123436 0.016111
0.013760 0.078657 0.694441 0.119833 0.093310
0.011372 0.085252 0.197572 0.691353 0.014450
0.013609 0.298841 0.626462 0.024177 0.036911
0.023962 0.076725 0.836500 0.048973 0.013839
0.006980 0.020060 0.879770 0.083808 0.009382
0.024602 0.817206 0.147174 0.006460 0.004558
0.007545 0.016779 0.531397 0.222295 0.221984
0.038584 0.090386 0.720969 0.120225 0.029836
0.214509 0.166630 0.490256 0.081106 0.047499
0.008498 0.049052 0.814878 0.092352 0.035220
0.025507 0.681236 0.259348 0.026636 0.007274
0.008580 0.035085 0.882974 0.062174 0.011186
0.019361 0.165848 0.757109 0.052459 0.005223
0.008965 0.967004 0.015854 0.003784 0.004394
0.006108 0.015126 0.860321 0.074913 0.043532
0.011055 0.117796 0.484554 0.340564 0.046031
0.010748 0.063628 0.878823 0.039007 0.007794
0.039732 0.376260 0.567661 0.010708 0.005638
0.013885 0.910527 0.066129 0.006313 0.003147
0.009913 0.029705 0.256807 0.673370 0.030205
0.049403 0.092985 0.565309 0.238660 0.053643
0.041174 0.229645 0.673221 0.047197 0.008763
0.008488 0.099956 0.596810 0.268982 0.025763
0.032906 0.411359 0.315639 0.225947 0.014148
0.007448 0.095296 0.804513 0.069895 0.022847
0.013644 0.183103 0.518691 0.262921 0.021642
0.010345 0.109380 0.823312 0.048160 0.008804
0.007866 0.182864 0.755508 0.044265 0.009497
0.060160 0.720297 0.195702 0.017766 0.006076
0.008685 0.677783 0.203821 0.093271 0.016440
0.007211 0.120023 0.838613 0.027314 0.006839
0.006784 0.104325 0.833926 0.048608 0.006358
0.009640 0.331105 0.616963 0.037027 0.005265
0.011972 0.024983 0.846933 0.085109 0.031004
0.032977 0.296800 0.595269 0.063763 0.011191
0.043327 0.136579 0.379257 0.404152 0.036684
0.003794 0.005152 0.053484 0.925493 0.012077
0.030282 0.101198 0.241521 0.499838 0.127161
0.009272 0.113115 0.644567 0.176523 0.056522
0.014589 0.654843 0.279001 0.045215 0.006353
0.009272 0.760648 0.160785 0.052209 0.017086
0.009662 0.900231 0.071987 0.012279 0.005841
0.004626 0.116327 0.305821 0.539668 0.033558
0.020431 0.083502 0.865936 0.021654 0.008476
0.005466 0.038098 0.169457 0.755536 0.031442
0.008190 0.274497 0.413874 0.275906 0.027534
0.007135 0.878393 0.103969 0.005737 0.004767
0.006162 0.257537 0.720389 0.010255 0.005657
0.008646 0.054736 0.899034 0.031931 0.005652
0.019226 0.055910 0.571881 0.334618 0.018365
0.007010 0.827957 0.146950 0.014039 0.004045
0.034062 0.589671 0.351728 0.016639 0.007900
0.007975 0.028723 0.549122 0.397803 0.016377
0.046891 0.483733 0.387475 0.064330 0.017572
0.032825 0.587284 0.348916 0.022515 0.008460
0.008845 0.217348 0.500005 0.197747 0.076054
0.018811 0.309078 0.651427 0.013745 0.006939
0.015567 0.304978 0.636863 0.033336 0.009256
0.007864 0.182097 0.749192 0.055472 0.005375
0.006127 0.010217 0.894243 0.082743 0.006670
0.024099 0.153498 0.809902 0.008608 0.003893
0.007929 0.143433 0.741907 0.090893 0.015839
0.010436 0.102090 0.849000 0.026499 0.011974
0.009658 0.142237 0.655699 0.113486 0.078920
0.009724 0.649571 0.327219 0.008701 0.004785
0.013231 0.036229 0.023689 0.923030 0.003822
0.038496 0.346021 0.587120 0.022005 0.006358
0.015974 0.215155 0.657030 0.092555 0.019286
0.005259 0.006132 0.951014 0.025365 0.012230
0.021425 0.282626 0.646919 0.036790 0.012240
0.006582 0.459096 0.510284 0.019349 0.004689
0.007619 0.876142 0.097605 0.015055 0.003579
0.257188 0.367190 0.266669 0.092087 0.016865
0.004881 0.844113 0.106446 0.031137 0.013422
0.008723 0.386233 0.499182 0.091969 0.013893
0.005667 0.044036 0.174462 0.759427 0.016407
0.039701 0.852975 0.091859 0.012059 0.003405
0.005245 0.156166 0.829709 0.005556 0.003323
0.002816 0.044445 0.944682 0.006240 0.001817
0.047680 0.824226 0.114046 0.009717 0.004331
0.014990 0.235936 0.680154 0.057798 0.011121
0.020450 0.055217 0.891814 0.025390 0.007129
0.008048 0.170526 0.786124 0.025702 0.009600
0.012373 0.095328 0.819766 0.063136 0.009397
0.025015 0.614928 0.335521 0.018074 0.006462
0.013027 0.038723 0.505444 0.395562 0.047244
0.015537 0.035383 0.522627 0.407273 0.019181
0.012330 0.677554 0.286174 0.015901 0.008041
0.013820 0.110741 0.697028 0.158572 0.019840
0.341380 0.398774 0.207225 0.042797 0.009823
0.007537 0.109479 0.628494 0.241221 0.013268
0.026450 0.683131 0.231371 0.049926 0.009122
0.016522 0.705865 0.253819 0.015778 0.008016
0.006104 0.007596 0.114280 0.816888 0.055132
0.010934 0.742922 0.229246 0.011632 0.005266
0.003227 0.965040 0.025341 0.004470 0.001922
0.005199 0.009939 0.764917 0.199103 0.020841
0.029247 0.678721 0.222076 0.030922 0.039034
0.007784 0.023077 0.829171 0.119525 0.020443
0.013238 0.652583 0.308994 0.018505 0.006680
0.006635 0.011556 0.034498 0.932033 0.015277
0.693674 0.223229 0.070103 0.007131 0.005862
0.011673 0.621544 0.331762 0.027765 0.007256
0.007456 0.923329 0.060549 0.005588 0.003078
0.038603 0.210644 0.470284 0.248222 0.032247
0.017084 0.178901 0.422296 0.366545 0.015175
0.005732 0.019034 0.911016 0.052139 0.012080
0.009196 0.507965 0.463261 0.014099 0.005479
0.031643 0.815225 0.113061 0.033272 0.006800
0.020847 0.141148 0.237986 0.525944 0.074075
0.022156 0.048274 0.898725 0.024069 0.006776
0.005105 0.797942 0.177607 0.014505 0.004842
0.011248 0.023767 0.740611 0.170288 0.054086
0.005322 0.088025 0.873282 0.026941 0.006429
0.186226 0.303334 0.488213 0.015571 0.006656
0.008162 0.850415 0.127494 0.009412 0.004518
0.007474 0.893682 0.068517 0.025890 0.004437
0.016275 0.702799 0.257227 0.017428 0.006271
0.013116 0.423344 0.264261 0.289567 0.009713
0.007541 0.570989 0.375707 0.038840 0.006923
0.003770 0.015136 0.928538 0.048655 0.003900
0.035792 0.503552 0.356812 0.092146 0.011698
0.008410 0.287560 0.676678 0.021884 0.005469
0.021492 0.227041 0.574557 0.118550 0.058360
0.007548 0.517279 0.406463 0.062369 0.006341
0.010551 0.453327 0.487540 0.032922 0.015660
0.010625 0.149797 0.793489 0.039043 0.007046
0.004884 0.008810 0.178648 0.786895 0.020764
0.018355 0.109827 0.592208 0.260657 0.018953
0.015721 0.054728 0.666117 0.245614 0.017820
0.021320 0.650320 0.271549 0.049487 0.007324
0.010852 0.056292 0.427424 0.478473 0.026959
0.363648 0.338047 0.219426 0.041722 0.037158
0.017932 0.099699 0.831734 0.038060 0.012576
0.007402 0.009410 0.150254 0.739900 0.093033
0.019095 0.034316 0.887685 0.054413 0.004492
0.008771 0.180407 0.201124 0.594414 0.015283
0.007020 0.010104 0.055232 0.451902 0.475741
0.012839 0.876682 0.101871 0.004639 0.003969
0.009488 0.091079 0.656788 0.196699 0.045946
0.022223 0.467219 0.487986 0.015107 0.007465
0.038080 0.093212 0.811634 0.044944 0.012130
0.031337 0.496303 0.350717 0.100332 0.021310
0.006429 0.091041 0.882669 0.016214 0.003647
0.005075 0.028488 0.286833 0.666063 0.013542
0.004411 0.008969 0.102113 0.871021 0.013486
0.021957 0.942402 0.027026 0.004989 0.003626
0.012610 0.041371 0.143541 0.745294 0.057184
0.034453 0.929866 0.027610 0.005284 0.002788
0.014039 0.069059 0.806786 0.097410 0.012706
0.009317 0.011908 0.937977 0.030597 0.010202
0.004900 0.018541 0.925912 0.038486 0.012162
0.009794 0.128868 0.474358 0.371141 0.015839
0.022757 0.086455 0.651591 0.221173 0.018024
0.055271 0.754920 0.165297 0.017322 0.007190
0.007342 0.037334 0.517124 0.419985 0.018215
0.010931 0.179444 0.738267 0.054987 0.016370
0.028296 0.944609 0.019820 0.004613 0.002663
0.010706 0.283251 0.652412 0.045584 0.008048
0.019708 0.061146 0.233131 0.630962 0.055053
0.173885 0.729473 0.080077 0.010212 0.006353
0.024534 0.038018 0.557793 0.350231 0.029425
0.002884 0.038055 0.943910 0.009514 0.005637
0.010312 0.431666 0.519243 0.032488 0.006290
0.011098 0.080280 0.428705 0.422394 0.057523
0.013035 0.182180 0.634462 0.155467 0.014855
0.016060 0.125305 0.667244 0.169696 0.021696
0.008172 0.040127 0.046705 0.891161 0.013835
0.010301 0.585709 0.354057 0.041480 0.008454
0.022822 0.621310 0.304010 0.044682 0.007176
0.005694 0.868116 0.107898 0.010866 0.007427
0.007637 0.065395 0.669841 0.243988 0.013140
0.005664 0.509684 0.422389 0.040930 0.021333
0.012573 0.696790 0.250349 0.030373 0.009914
0.012180 0.773733 0.195513 0.013927 0.004648
0.038165 0.546888 0.260284 0.131194 0.023469
0.003222 0.950211 0.030510 0.010105 0.005953
0.008994 0.215886 0.754003 0.015497 0.005620
0.046844 0.538905 0.296926 0.103590 0.013734
0.060935 0.623345 0.275074 0.029470 0.011177
0.039227 0.440717 0.290611 0.154853 0.074592
0.006507 0.197665 0.511658 0.268606 0.015563
0.004989 0.876386 0.111550 0.003990 0.003086
0.003098 0.005958 0.057741 0.892791 0.040413
0.020987 0.862926 0.099763 0.011687 0.004637
0.007438 0.908893 0.070539 0.010102 0.003029
0.080932 0.486837 0.362592 0.047121 0.022518
0.017580 0.908586 0.051008 0.018146 0.004679
0.009055 0.746801 0.225833 0.013773 0.004539
0.098025 0.193809 0.613002 0.081215 0.013949
0.003289 0.964065 0.026071 0.004599 0.001977
0.009435 0.050776 0.705510 0.085767 0.148512
0.010415 0.415693 0.531245 0.034763 0.007885
0.018584 0.784270 0.183316 0.009024 0.004806
0.004519 0.976771 0.014209 0.002435 0.002066
0.018538 0.909813 0.063053 0.005667 0.002929
0.029615 0.029018 0.098906 0.803803 0.038657
0.016598 0.687466 0.277301 0.011475 0.007160
0.019366 0.735604 0.225761 0.013117 0.006151
0.018087 0.246445 0.639952 0.082754 0.012763
0.009932 0.927256 0.057604 0.003458 0.001751
0.019772 0.091200 0.789849 0.055400 0.043780
0.166198 0.630112 0.177003 0.020611 0.006076
0.012072 0.054843 0.708485 0.141146 0.083454
0.004511 0.957039 0.025758 0.009019 0.003672
0.011768 0.391084 0.541067 0.038617 0.017465
0.046547 0.087151 0.510338 0.262094 0.093871
0.015422 0.134237 0.633161 0.192780 0.024400
0.006214 0.084850 0.478883 0.413358 0.016695
0.029433 0.906446 0.051429 0.007955 0.004736
0.015909 0.034599 0.530879 0.410798 0.007815
0.008096 0.792108 0.168440 0.026948 0.004409
0.081366 0.411619 0.460702 0.039104 0.007209
0.015814 0.138127 0.829693 0.010309 0.006057
0.108705 0.161009 0.175460 0.438252 0.116574
0.020863 0.103174 0.112128 0.755179 0.008656
0.050409 0.219942 0.677609 0.030714 0.021327
0.012531 0.231617 0.705439 0.042554 0.007860
0.026685 0.878246 0.083985 0.006787 0.004297
0.010922 0.559079 0.399873 0.024870 0.005256
0.004746 0.006107 0.857776 0.123083 0.008287
0.006490 0.582314 0.397396 0.008882 0.004918
0.013231 0.206131 0.730941 0.041288 0.008409
0.005220 0.704491 0.225008 0.050761 0.014521
0.008929 0.023047 0.320990 0.620524 0.026510
0.003334 0.017538 0.915592 0.060153 0.003383
0.003300 0.005557 0.881023 0.101377 0.008743
0.008940 0.042811 0.595832 0.302846 0.049570
0.197191 0.699568 0.086304 0.009959 0.006977
0.006036 0.357268 0.625894 0.006073 0.004730
0.008053 0.272833 0.647900 0.041423 0.029790
0.022620 0.292941 0.383449 0.279351 0.021639
0.025635 0.548057 0.367312 0.049107 0.009889
0.006904 0.208633 0.763673 0.015180 0.005610
0.021499 0.087191 0.542574 0.284463 0.064273
0.009471 0.006722 0.155167 0.808900 0.019740
0.006322 0.934861 0.047286 0.006870 0.004662
0.005620 0.054402 0.828074 0.103478 0.008426
0.012896 0.086998 0.744307 0.130628 0.025171
0.004302 0.012263 0.073025 0.905558 0.004852
0.028191 0.848104 0.111438 0.007636 0.004631
0.005894 0.626981 0.349626 0.012567 0.004933
0.014517 0.115523 0.395924 0.296800 0.177236
0.562682 0.181977 0.198442 0.045731 0.011168
0.008229 0.950953 0.028500 0.007253 0.005065
0.005662 0.414755 0.560827 0.011312 0.007444
0.010438 0.046070 0.537406 0.372260 0.033825
0.003114 0.034155 0.947223 0.010012 0.005496
0.009299 0.021782 0.757161 0.138460 0.073298
0.007033 0.034844 0.214617 0.665894 0.077611
0.007715 0.155574 0.281301 0.531230 0.024181
0.020177 0.509628 0.396337 0.061864 0.011994
0.027570 0.182123 0.325680 0.431526 0.033101
0.026466 0.472114 0.292427 0.193608 0.015385
0.017751 0.022098 0.615373 0.336927 0.007851
0.008735 0.138871 0.706818 0.133367 0.012209
0.360721 0.529423 0.097466 0.006612 0.005779
0.162191 0.479293 0.296182 0.049674 0.012661
0.007118 0.958857 0.027633 0.004374 0.002017
0.044045 0.476569 0.399966 0.074534 0.004885
0.009978 0.013022 0.956144 0.014147 0.006709
0.012623 0.018415 0.029883 0.090446 0.848633
0.053423 0.807573 0.109557 0.024271 0.005176
0.019054 0.127041 0.785740 0.051493 0.016672
0.121971 0.123479 0.394051 0.331382 0.029117
0.036008 0.460621 0.450472 0.039710 0.013189
0.008935 0.009429 0.758580 0.202098 0.020958
0.016447 0.220174 0.674217 0.058537 0.030625
0.004837 0.834967 0.133925 0.019500 0.006771
0.025879 0.322911 0.305388 0.322634 0.023188
0.015021 0.130998 0.550927 0.287739 0.015315
0.026911 0.021929 0.443419 0.372613 0.135128
0.003532 0.015085 0.951193 0.025289 0.004900
0.020332 0.518879 0.429898 0.024100 0.006790
0.020350 0.037515 0.639679 0.237665 0.064793
0.086978 0.263321 0.369957 0.271078 0.008666
0.016673 0.418256 0.538679 0.021144 0.005248
0.015032 0.734713 0.236282 0.009074 0.004898
0.022394 0.321853 0.614005 0.034284 0.007464
0.013647 0.040177 0.690893 0.204489 0.050794
0.006250 0.024859 0.123815 0.775607 0.069470
0.024419 0.410623 0.526363 0.023919 0.014677
0.027898 0.216527 0.157954 0.586854 0.010767
0.009369 0.039058 0.560146 0.363875 0.027552
0.027676 0.446724 0.473530 0.044409 0.007662
0.026200 0.343324 0.262791 0.343030 0.024654
0.026007 0.430657 0.478719 0.045578 0.019038
0.008693 0.195785 0.772115 0.016313 0.007094
0.162403 0.227236 0.550041 0.035722 0.024598
0.002996 0.013567 0.287924 0.688605 0.006908
0.008725 0.106986 0.853617 0.026503 0.004169
0.008926 0.024302 0.431751 0.469291 0.065729
0.011354 0.753547 0.222252 0.007874 0.004974
0.030803 0.083616 0.654397 0.223346 0.007837
0.006264 0.006753 0.832415 0.136351 0.018217
0.004661 0.921887 0.064236 0.005206 0.004010
0.005304 0.743903 0.241650 0.005789 0.003354
0.016108 0.141887 0.646312 0.168334 0.027359
0.003142 0.921233 0.071039 0.003081 0.001504
0.113710 0.388043 0.339269 0.144118 0.014860
0.005309 0.009422 0.080461 0.874685 0.030123
0.005239 0.097326 0.888676 0.006012 0.002746
0.006932 0.201141 0.710603 0.067514 0.013811
0.010579 0.136044 0.821126 0.022002 0.010249
0.029377 0.128825 0.126801 0.637509 0.077489
0.004744 0.762209 0.217989 0.008979 0.006079
0.011980 0.036573 0.107907 0.049120 0.794420
0.011995 0.048016 0.890291 0.044350 0.005347
0.086567 0.404242 0.363318 0.077609 0.068264
0.032393 0.349848 0.556648 0.053793 0.007319
0.012117 0.021939 0.681489 0.266627 0.017827
0.039503 0.726019 0.221113 0.009220 0.004145
0.027902 0.045431 0.605752 0.281258 0.039657
0.003719 0.005049 0.902289 0.059941 0.029002
0.010552 0.620796 0.352677 0.010662 0.005313
0.004872 0.014936 0.741108 0.222234 0.016849
0.006946 0.024349 0.137546 0.812791 0.018368
0.006340 0.874334 0.099729 0.014029 0.005567
0.007999 0.034017 0.201788 0.747928 0.008269
0.010278 0.126152 0.766660 0.089711 0.007199
0.003628 0.834900 0.150838 0.008319 0.002314
0.006985 0.449650 0.480119 0.057646 0.005601
0.057348 0.365484 0.530904 0.032171 0.014092
0.010500 0.047055 0.882893 0.054303 0.005248
0.014188 0.060342 0.628455 0.290318 0.006697
0.006859 0.124445 0.779636 0.077548 0.011512
0.013129 0.288485 0.583269 0.071224 0.043892
0.002691 0.009570 0.083875 0.892278 0.011587
0.020984 0.915467 0.051359 0.008151 0.004038
0.014044 0.459871 0.511092 0.010787 0.004206
0.003411 0.944829 0.044359 0.004232 0.003169
0.002618 0.010205 0.169965 0.808196 0.009016
0.050559 0.101783 0.820534 0.017214 0.009910
0.009592 0.155546 0.790724 0.039068 0.005069
0.005617 0.124768 0.795189 0.054168 0.020257
0.014338 0.850876 0.117430 0.011241 0.006115
0.028220 0.284605 0.586322 0.088400 0.012453
0.009359 0.581774 0.368760 0.028606 0.011501
0.012718 0.514741 0.363668 0.089864 0.019011
0.013312 0.386383 0.513162 0.069693 0.017450
0.195794 0.595045 0.116262 0.052374 0.040525
0.006444 0.836872 0.137623 0.014174 0.004886
0.014022 0.150355 0.642172 0.169500 0.023950
0.015973 0.267130 0.629436 0.073187 0.014273
0.015900 0.148903 0.734215 0.088146 0.012837
0.005999 0.174799 0.793019 0.021598 0.004585
0.008654 0.035083 0.196617 0.747905 0.011742
0.005510 0.102433 0.834847 0.051137 0.006073
0.017455 0.097583 0.728422 0.148445 0.008094
0.071821 0.727332 0.168848 0.023876 0.008124
0.010056 0.026862 0.567290 0.276912 0.118880
0.012910 0.089975 0.533317 0.309891 0.053906
0.016336 0.215567 0.729308 0.028513 0.010276
0.003505 0.004415 0.075929 0.902505 0.013646
0.028786 0.208442 0.667211 0.068367 0.027194
0.028830 0.179616 0.389955 0.353328 0.048271
0.011346 0.091182 0.820336 0.066323 0.010812
0.025853 0.753775 0.179431 0.032769 0.008172
0.032253 0.257748 0.236861 0.439635 0.033503
0.013033 0.048300 0.436329 0.449738 0.052600
0.059190 0.262848 0.640959 0.027727 0.009275
0.014595 0.040736 0.228664 0.546473 0.169532
0.006878 0.021831 0.241368 0.663575 0.066348
0.025437 0.838625 0.081761 0.042351 0.011826
0.006710 0.355934 0.622705 0.010137 0.004514
0.224380 0.244600 0.477984 0.044357 0.008679
0.011551 0.020231 0.611743 0.297347 0.059128
0.035273 0.868219 0.075925 0.014832 0.005751
0.122412 0.724111 0.123407 0.024282 0.005788
0.009810 0.653438 0.262273 0.068305 0.006174
0.015940 0.580070 0.384299 0.013171 0.006520
0.020746 0.317499 0.532865 0.099356 0.029534
0.003602 0.088859 0.865410 0.024119 0.018010
0.017046 0.060244 0.859125 0.058094 0.005492
0.011379 0.039853 0.149082 0.081332 0.718354
0.007078 0.972464 0.016161 0.002636 0.001660
0.011376 0.025463 0.671720 0.262473 0.028968
0.020294 0.680416 0.285350 0.009530 0.004409
0.036259 0.715618 0.221544 0.018178 0.008401
0.012542 0.068099 0.837816 0.074250 0.007293
0.008368 0.014880 0.295699 0.636842 0.044210
0.007491 0.362477 0.605879 0.013716 0.010437
0.015140 0.825346 0.110664 0.044267 0.004583
0.009008 0.066586 0.851529 0.067054 0.005823
0.018155 0.242179 0.622055 0.098918 0.018693
0.007369 0.117451 0.789497 0.070747 0.014935
0.008402 0.721943 0.251380 0.009524 0.008751
0.174428 0.382293 0.408804 0.027218 0.007257
0.022268 0.200435 0.650148 0.111856 0.015293
0.004296 0.067762 0.883828 0.040661 0.003453
0.012408 0.246728 0.729128 0.007587 0.004149
0.006915 0.482909 0.392896 0.105457 0.011824
0.005825 0.008284 0.100349 0.859362 0.026180
0.023513 0.652910 0.272128 0.040483 0.010966
0.012000 0.038311 0.389865 0.434897 0.124927
0.018737 0.165239 0.800426 0.010091 0.005506
0.022779 0.390685 0.478122 0.089996 0.018418
0.010591 0.216848 0.737015 0.028249 0.007296
0.003425 0.899517 0.080237 0.013119 0.003701
0.042422 0.381913 0.525941 0.031564 0.018159
0.007916 0.014869 0.403296 0.317795 0.256123
0.038900 0.129116 0.802382 0.020957 0.008645
0.006198 0.285401 0.685609 0.018356 0.004437
0.007038 0.859166 0.112974 0.014401 0.006420
0.007019 0.604156 0.337164 0.046117 0.005545
0.034038 0.329218 0.327363 0.287819 0.021562
0.034804 0.544548 0.384134 0.026601 0.009913
0.078136 0.578924 0.268226 0.064095 0.010618
0.005221 0.236757 0.693750 0.050333 0.013939
0.045501 0.618128 0.288649 0.036499 0.011223
0.006311 0.841703 0.127503 0.018741 0.005742
0.011440 0.084794 0.668590 0.185102 0.050074
0.019586 0.836954 0.083459 0.052935 0.007065
0.014829 0.228821 0.546815 0.203012 0.006524
0.005037 0.005026 0.069245 0.873140 0.047553
0.010069 0.041250 0.461927 0.480538 0.006216
0.009137 0.043655 0.808553 0.129110 0.009544
0.007418 0.301061 0.633858 0.050581 0.007082
0.007949 0.037761 0.446376 0.493010 0.014905
0.015715 0.333186 0.429585 0.195083 0.026431
0.024679 0.669699 0.228301 0.060234 0.017087
0.095377 0.441882 0.396753 0.057413 0.008576
0.011110 0.244052 0.671192 0.059200 0.014447
0.005036 0.702219 0.278783 0.010695 0.003267
0.018682 0.185972 0.684520 0.086856 0.023970
0.021847 0.113157 0.270091 0.561810 0.033095
0.031264 0.694269 0.253448 0.014431 0.006589
0.004854 0.021705 0.123204 0.846678 0.003559
0.007129 0.038259 0.730707 0.192203 0.031701
0.023380 0.304385 0.626205 0.037733 0.008297
0.007149 0.817159 0.156558 0.012778 0.006355
0.024121 0.011618 0.770131 0.124580 0.069550
0.007131 0.086131 0.567274 0.284236 0.055229
0.007843 0.034310 0.427411 0.510361 0.020075
0.012353 0.102113 0.415211 0.365397 0.104925
0.265073 0.462488 0.239357 0.023148 0.009935
0.007896 0.464814 0.416142 0.105983 0.005165
0.008641 0.053000 0.508285 0.416123 0.013951
0.028969 0.399263 0.455304 0.083050 0.033414
0.009763 0.089764 0.689938 0.177912 0.032623
0.010635 0.017576 0.796658 0.150420 0.024712
0.015663 0.031610 0.940385 0.008345 0.003996
0.004147 0.015779 0.924939 0.030553 0.024583
0.010879 0.034942 0.469806 0.359184 0.125190
0.007699 0.431168 0.536407 0.018975 0.005751
0.009321 0.242122 0.701796 0.040262 0.006499
0.021695 0.397558 0.552598 0.020588 0.007561
0.041056 0.709820 0.217697 0.024520 0.006906
0.022063 0.172880 0.532462 0.260543 0.012051
0.006709 0.036008 0.720214 0.222657 0.014413
0.019185 0.297610 0.596334 0.078368 0.008502
0.198845 0.479684 0.257228 0.042020 0.022222
0.026731 0.223928 0.650932 0.088869 0.009541
0.014527 0.696211 0.249280 0.033420 0.006563
0.006974 0.709821 0.245574 0.028096 0.009535
0.010256 0.017085 0.116857 0.835373 0.020429
0.011653 0.031137 0.633686 0.302148 0.021377
0.005085 0.071099 0.869791 0.047528 0.006497
0.145841 0.647355 0.148871 0.039206 0.018726
0.488918 0.196306 0.242681 0.059866 0.012228
0.009988 0.076486 0.524281 0.213178 0.176068
0.032763 0.844706 0.087749 0.028628 0.006154
0.032253 0.528715 0.399549 0.029131 0.010351
0.004387 0.161979 0.806490 0.022519 0.004624
0.192404 0.406362 0.338217 0.052059 0.010958
0.053817 0.599413 0.245201 0.078802 0.022767
0.002390 0.005968 0.040777 0.938973 0.011891
0.008975 0.576608 0.397527 0.009313 0.007577
0.048394 0.856121 0.068076 0.020761 0.006648
0.035828 0.602139 0.283106 0.063394 0.015533
0.006312 0.186043 0.754799 0.044781 0.008065
0.027375 0.072021 0.729877 0.093176 0.077551
0.007159 0.009731 0.757238 0.162792 0.063080
0.011953 0.929067 0.033697 0.018738 0.006545
0.008575 0.124066 0.517939 0.319972 0.029448
0.021333 0.733048 0.208188 0.029885 0.007545
0.006693 0.033691 0.915930 0.038818 0.004868
0.012474 0.061196 0.792883 0.090006 0.043442
0.006587 0.038993 0.845716 0.099572 0.009132
0.015257 0.085376 0.840513 0.051402 0.007451
0.005732 0.013708 0.701889 0.239207 0.039465
0.022811 0.541749 0.285054 0.127924 0.022462
0.041424 0.697138 0.204618 0.045016 0.011804
0.015350 0.358684 0.522412 0.093390 0.010164
0.005149 0.065487 0.887781 0.036288 0.005294
0.009319 0.096022 0.534061 0.303443 0.057154
0.029427 0.534814 0.370066 0.056552 0.009140
0.049913 0.794839 0.088165 0.055557 0.011526
0.042151 0.042464 0.482528 0.406369 0.026488
0.009380 0.010458 0.075350 0.881504 0.023307
0.016812 0.108635 0.827697 0.032479 0.014377
0.011222 0.089249 0.330838 0.553312 0.015379
0.023848 0.138391 0.708400 0.113529 0.015833
0.031338 0.062443 0.600996 0.274677 0.030545
0.018894 0.223817 0.580616 0.157552 0.019121
0.011891 0.147753 0.771603 0.057546 0.011207
0.005651 0.948731 0.038739 0.005234 0.001645
0.012519 0.250621 0.692600 0.033996 0.010264
0.043995 0.886744 0.050189 0.013307 0.005766
0.009223 0.304988 0.605642 0.068836 0.011312
0.018313 0.845317 0.120859 0.011993 0.003518
0.042320 0.035915 0.265440 0.576590 0.079735
